['195662009,19169002,156073000', 0.75, 0.7111650485436893, 19.3125, 0.2030947775628628]
['428251008,444814009,444814009', 0.7948717948717948, 0.1383183968135424, 1.2106734916346746, 0.2033259209126945]
['74400008,444814009,444814009', 0.7948717948717948, 0.1383183968135424, 1.2106734916346746, 0.2033259209126945]
['271737000,80394007,444814009', 0.7894736842105263, 0.13292028615227391, 1.2024516003502286, 0.20709327101519012]
['196416002,72892002,72892002', 0.7727272727272727, 0.5688437775816416, 3.79004329004329, 0.20807304180682365]
['72892002,444814009,72892002', 0.7890295358649789, 0.5851460407193478, 3.870002009242516, 0.20919673078510687]
['271737000,64859006,444814009', 0.7857142857142857, 0.12916088765603329, 1.1967256403485609, 0.20989548374724334]
['15777000,40055000,195662009', 0.7777777777777778, 0.31539913700107874, 1.6821230679498396, 0.21452742957914303]
['162864005,80394007,195662009', 0.7692307692307693, 0.3068521284540702, 1.6636381990712699, 0.21482265749073584]
['47693006,444814009,444814009', 0.7777777777777778, 0.12122437971952538, 1.1846375025672624, 0.21635758440323322]
['59621000,64859006,444814009', 0.7777777777777778, 0.12122437971952538, 1.1846375025672624, 0.21635758440323322]
['1.24171E+14,196416002,55680006', 0.75, 0.7002427184466019, 15.073170731707318, 0.2170683251274077]
['55680006,10509002,444814009', 0.7777777777777778, 0.12122437971952538, 1.1846375025672624, 0.2195264116575591]
['40055000,55822004,444814009', 0.7777777777777778, 0.12122437971952538, 1.1846375025672624, 0.2204720684925027]
['55822004,10509002,444814009', 0.7777777777777778, 0.12122437971952538, 1.1846375025672624, 0.2204720684925027]
['128613002,444814009,444814009', 0.7777777777777778, 0.12122437971952538, 1.1846375025672624, 0.22092656791679774]
['703151001,444814009,444814009', 0.7777777777777778, 0.12122437971952538, 1.1846375025672624, 0.22092656791679774]
['38822007,72892002,72892002', 0.75, 0.5461165048543689, 3.678571428571429, 0.22556390977443613]
['271737000,68496003,444814009', 0.7714285714285715, 0.11487517337031905, 1.1749669923422235, 0.22749071503263252]
['15777000,126906006,444814009', 0.7692307692307693, 0.11267737117251686, 1.171619508033556, 0.22790213430504952]
['15777000,92691004,444814009', 0.7692307692307693, 0.11267737117251686, 1.171619508033556, 0.22790213430504952]
['15777000,68496003,444814009', 0.7692307692307693, 0.11267737117251686, 1.171619508033556, 0.22988172354893802]
['15777000,64859006,444814009', 0.7647058823529411, 0.10815248429468871, 1.1647276285745352, 0.23354778699325643]
['195662009,15777000,271737000', 0.75, 0.4356796116504854, 2.3861003861003858, 0.23557087005499963]
['271737000,44465007,444814009', 0.7619047619047619, 0.10535136384650945, 1.160461227004665, 0.2368957214298945]
['162864005,302870006,195662009', 0.75, 0.28762135922330095, 1.6220472440944882, 0.23940589074431481]
['162864005,237602007,195662009', 0.75, 0.28762135922330095, 1.6220472440944882, 0.23940589074431481]
['195662009,15777000,195662009', 0.75, 0.28762135922330095, 1.6220472440944882, 0.24170117662525467]
['271737000,26929004,444814009', 0.75, 0.09344660194174759, 1.1423290203327172, 0.24928823596401317]
['19169002,35999006,444814009', 0.75, 0.09344660194174759, 1.1423290203327172, 0.24928823596401317]
['10509002,65363002,444814009', 0.75, 0.09344660194174759, 1.1423290203327172, 0.24928823596401317]
['196416002,10509002,444814009', 0.75, 0.09344660194174759, 1.1423290203327172, 0.24928823596401317]
['410429000,429007001,444814009', 0.75, 0.09344660194174759, 1.1423290203327172, 0.249482487372692]
['271737000,19169002,10509002', 0.7333333333333333, 0.3340614886731391, 1.836676798378926, 0.25369078887781904]
['232353008,444814009,72892002', 0.7333333333333333, 0.5294498381877022, 3.5968253968253965, 0.255421686746988]
['44054006,59621000,237602007', 0.7, 0.6344660194174757, 10.68148148148148, 0.25609389106229324]
['44054006,59621000,302870006', 0.7, 0.633252427184466, 10.487272727272726, 0.2562058071310365]
['196416002,55680006,72892002', 0.7307692307692307, 0.5268857356235996, 3.584249084249084, 0.2563176895306861]
['15777000,72892002,444814009', 0.7435897435897436, 0.0870363455314912, 1.1325655244324375, 0.25642365233911174]
['74400008,72892002,72892002', 0.7222222222222222, 0.5183387270765911, 3.5423280423280423, 0.2594367884961055]
['428251008,72892002,72892002', 0.7222222222222222, 0.5183387270765911, 3.5423280423280423, 0.2594367884961055]
['59621000,62106007,195662009', 0.7272727272727273, 0.26489408649602825, 1.572894297303746, 0.26022829293317945]
['19169002,43878008,444814009', 0.7368421052631579, 0.08028870720490544, 1.12228816032688, 0.2637294659426766]
['15777000,44054006,444814009', 0.7368421052631579, 0.08028870720490544, 1.12228816032688, 0.2637294659426766]
['162864005,64859006,444814009', 0.7333333333333333, 0.07677993527508087, 1.1169439309919902, 0.26775082200302125]
['302870006,80394007,444814009', 0.7333333333333333, 0.07677993527508087, 1.1169439309919902, 0.26775082200302125]
['237602007,80394007,444814009', 0.7333333333333333, 0.07677993527508087, 1.1169439309919902, 0.26775082200302125]
['15777000,156073000,72892002', 0.7, 0.49611650485436887, 3.433333333333333, 0.26863905325443793]
['19169002,79586000,72892002', 0.7, 0.49611650485436887, 3.433333333333333, 0.26863905325443793]
['10509002,15777000,271737000', 0.7142857142857143, 0.3999653259361997, 2.272476558190844, 0.2691435892381985]
['1.24171E+14,15777000,271737000', 0.7142857142857143, 0.3999653259361997, 2.272476558190844, 0.2691435892381985]
['195662009,271737000,444814009', 0.7297297297297297, 0.0731763316714773, 1.1114552630264276, 0.27082127905789444]
['1.24171E+14,72892002,72892002', 0.7142857142857143, 0.5104022191400832, 3.503401360544218, 0.27098078867542985]
['162864005,40055000,195662009', 0.7241379310344828, 0.2617592902577837, 1.566114580505023, 0.2717309646913253]
['162864005,15777000,195662009', 0.725, 0.26262135922330093, 1.5679790026246718, 0.2735371908496126]
['40055000,195662009,444814009', 0.7264150943396226, 0.06986169628137018, 1.1064067240958393, 0.2738151837378388]
['59621000,19169002,72892002', 0.717948717948718, 0.5140652228030869, 3.5213675213675213, 0.27426931106471825]
['428251008,162864005,444814009', 0.7272727272727273, 0.07071932921447488, 1.107712989413544, 0.2751036822923211]
['302870006,422034002,444814009', 0.7272727272727273, 0.07071932921447488, 1.107712989413544, 0.2751036822923211]
['237602007,422034002,444814009', 0.7272727272727273, 0.07071932921447488, 1.107712989413544, 0.2751036822923211]
['271737000,65966004,444814009', 0.7272727272727273, 0.07071932921447488, 1.107712989413544, 0.2751036822923211]
['74400008,162864005,444814009', 0.7272727272727273, 0.07071932921447488, 1.107712989413544, 0.2751036822923211]
['271737000,40055000,195662009', 0.72, 0.2576213592233009, 1.5571653543307085, 0.2754357833755755]
['72892002,44465007,72892002', 0.7142857142857143, 0.5104022191400832, 3.503401360544218, 0.2771929824561404]
['55680006,444814009,444814009', 0.7222222222222222, 0.0656688241639698, 1.100020538098172, 0.2783424370232086]
['44465007,444814009,444814009', 0.7213114754098361, 0.06475807735158368, 1.0986333747462198, 0.27920743739447074]
['15777000,302870006,444814009', 0.7222222222222222, 0.0656688241639698, 1.100020538098172, 0.2795628415300547]
['15777000,237602007,444814009', 0.7222222222222222, 0.0656688241639698, 1.100020538098172, 0.2795628415300547]
['444814009,19169002,156073000', 0.7037037037037037, 0.6648687522473931, 18.120370370370374, 0.28111671190383863]
['19169002,156073000,72892002', 0.7058823529411765, 0.5019988577955454, 3.46218487394958, 0.28580042206813394]
['1.24171E+14,72892002,444814009', 0.7142857142857143, 0.05773231622746189, 1.0879324003168735, 0.28776934000123483]
['271737000,92691004,444814009', 0.7142857142857143, 0.05773231622746189, 1.0879324003168735, 0.288905935372519]
['271737000,126906006,444814009', 0.7142857142857143, 0.05773231622746189, 1.0879324003168735, 0.288905935372519]
['444814009,403190006,444814009', 0.7142857142857143, 0.05773231622746189, 1.0879324003168735, 0.288905935372519]
['72892002,398254007,72892002', 0.7027027027027027, 0.49881920755707165, 3.446589446589447, 0.2898510755653612]
['232353008,72892002,10509002', 0.7037037037037037, 0.30443185904350956, 1.7624676348080603, 0.2913182665201396]
['162864005,80394007,15777000', 0.6923076923076923, 0.39497759522031367, 2.328414442700157, 0.2918680846492643]
['15777000,19169002,72892002', 0.6956521739130435, 0.49176867876741237, 3.412008281573499, 0.2925824175824176]
['82423001,15777000,271737000', 0.6923076923076923, 0.3779873039581777, 2.2025542025542024, 0.2929314598305267]
['1.24171E+14,82423001,72892002', 0.6875, 0.4836165048543689, 3.3720238095238098, 0.2959671907040328]
['59621000,44054006,271737000', 0.6956521739130435, 0.38133178556352887, 2.213194561020648, 0.2962477936571201]
['82423001,195662009,444814009', 0.7058823529411765, 0.0493289548829241, 1.0751331956072634, 0.29741880474381827]
['44465007,10509002,444814009', 0.7058823529411765, 0.0493289548829241, 1.0751331956072634, 0.29741880474381827]
['82423001,196416002,10509002', 0.6923076923076923, 0.2930358476474981, 1.7339256488192658, 0.2982007878207177]
['15777000,55680006,10509002', 0.6923076923076923, 0.2930358476474981, 1.7339256488192658, 0.2982007878207177]
['15777000,43878008,444814009', 0.7037037037037037, 0.04715030564545131, 1.0718148832751422, 0.29842486164325244]
['162864005,44054006,271737000', 0.6875, 0.3731796116504854, 2.187258687258687, 0.30139889783806695]
['82423001,196416002,195662009', 0.6923076923076923, 0.22992905153099324, 1.4972743791641427, 0.3020645844362097]
['72892002,162864005,195662009', 0.6923076923076923, 0.22992905153099324, 1.4972743791641427, 0.30505531577119616]
['44054006,3.68581E+14,10509002', 0.6875, 0.28822815533980584, 1.7218844984802433, 0.3055204382638011]
['302870006,3.68581E+14,10509002', 0.6875, 0.28822815533980584, 1.7218844984802433, 0.3055204382638011]
['82423001,444814009,444814009', 0.6956521739130435, 0.039098775854791046, 1.059551555091216, 0.30581297388374046]
['59621000,422034002,444814009', 0.7, 0.04344660194174754, 1.066173752310536, 0.306883499228936]
['15777000,58150001,444814009', 0.7, 0.04344660194174754, 1.066173752310536, 0.306883499228936]
['15777000,38822007,444814009', 0.7, 0.04344660194174754, 1.066173752310536, 0.306883499228936]
['271737000,55822004,195662009', 0.6896551724137931, 0.2272765316370941, 1.4915376957190696, 0.30814441645675894]
['162864005,59621000,195662009', 0.6875, 0.22512135922330095, 1.4868766404199474, 0.308550809767559]
['444814009,72892002,72892002', 0.6900826446280992, 0.4861991494824681, 3.3846910665092484, 0.30892041550462795]
['271737000,239873007,68496003', 0.6666666666666666, 0.5853559870550161, 8.199004975124376, 0.31199554689674375]
