['59621000,302870006,10509002', 0.43333333333333335, 0.034061488673139184, 1.0853090172239108, 0.5774539549591898]
['59621000,237602007,10509002', 0.43333333333333335, 0.034061488673139184, 1.0853090172239108, 0.5774539549591898]
['162864005,59621000,72892002', 0.4375, 0.23361650485436894, 2.1458333333333335, 0.5775803144224196]
['446096008,444814009,195662009', 0.43333333333333335, -0.029045307443365698, 0.9371828521434821, 0.5783908242015948]
['75498004,40055000,10509002', 0.43478260869565216, 0.035510764035458, 1.088938813268138, 0.5794249418703568]
['162864005,72892002,195662009', 0.42592592592592593, -0.036452714850773116, 0.9211626324487217, 0.5806518772120566]
['271737000,68496003,10509002', 0.42857142857142855, 0.029299583911234384, 1.0733825445071645, 0.5808291849860107]
['15777000,72892002,10509002', 0.4230769230769231, 0.02380507841672891, 1.0596212298339958, 0.581147840452401]
['75498004,444814009,444814009', 0.43333333333333335, -0.22322006472491907, 0.6600123228589033, 0.5812476178376318]
['40055000,302870006,10509002', 0.4375, 0.038228155339805836, 1.0957446808510638, 0.5833122629582806]
['1.24171E+14,196416002,10509002', 0.4375, 0.038228155339805836, 1.0957446808510638, 0.5833122629582806]
['239873007,195662009,10509002', 0.4375, 0.038228155339805836, 1.0957446808510638, 0.5833122629582806]
['162864005,43878008,10509002', 0.42857142857142855, 0.029299583911234384, 1.0733825445071645, 0.5833218406656553]
['1.24171E+14,196416002,195662009', 0.4375, -0.024878640776699046, 0.9461942257217847, 0.5851304858605354]
['1.24171E+14,82423001,195662009', 0.4375, -0.024878640776699046, 0.9461942257217847, 0.5851304858605354]
['410429000,429007001,195662009', 0.4375, -0.024878640776699046, 0.9461942257217847, 0.5851304858605354]
['15777000,271737000,10509002', 0.4158415841584158, 0.01656973949822166, 1.041499894670318, 0.5858268384111817]
['44054006,195662009,444814009', 0.42857142857142855, -0.22798196948682387, 0.6527594401901241, 0.5873435010243571]
['444814009,44465007,444814009', 0.4222222222222222, -0.2343311758360302, 0.6430889299650853, 0.587690768076057]
['444814009,65363002,10509002', 0.42105263157894735, 0.02178078691875318, 1.0545512717965124, 0.5879038442303205]
['1.24171E+14,72892002,195662009', 0.42857142857142855, -0.0338072122052705, 0.9268841394825645, 0.5889505518488497]
['15777000,44054006,80394007', 0.42105263157894735, 0.3846448645886561, 11.564912280701755, 0.5891152585838438]
['444814009,43878008,444814009', 0.4166666666666667, -0.23988673139158573, 0.6346272335181763, 0.5895639030590336]
['72892002,19169002,444814009', 0.4166666666666667, -0.23988673139158573, 0.6346272335181763, 0.5895639030590336]
['271737000,80394007,237602007', 0.42105263157894735, 0.3555186509964231, 6.42495126705653, 0.5898165268098422]
['271737000,80394007,302870006', 0.42105263157894735, 0.35430505876341334, 6.308133971291866, 0.5898456943753111]
['39848009,195662009,444814009', 0.4375, -0.2190533980582524, 0.666358595194085, 0.5906268112941956]
['40055000,162864005,271737000', 0.41509433962264153, 0.10077395127312694, 1.3206090187222261, 0.5907575148404797]
['196416002,55680006,195662009', 0.4230769230769231, -0.03930171769977597, 0.9150010094891984, 0.5912090092771741]
['128613002,703151001,84757009', 0.41379310344827586, 0.39922999665215936, 28.413793103448274, 0.5928122192273136]
['59621000,43878008,72892002', 0.4166666666666667, 0.21278317152103562, 2.043650793650794, 0.5946655006558811]
['15777000,44054006,10509002', 0.42105263157894735, 0.02178078691875318, 1.0545512717965124, 0.5976843133151984]
['15777000,68496003,10509002', 0.41025641025641024, 0.010984565596216078, 1.027511495596602, 0.5989226725508646]
['162864005,72892002,10509002', 0.4074074074074074, 0.00813556274721322, 1.0203759990994032, 0.599231072098571]
['162864005,19169002,195662009', 0.4166666666666667, -0.04571197411003236, 0.9011373578302713, 0.5993300556486033]
['128613002,703151001,195662009', 0.41379310344827586, -0.04858553732842319, 0.8949226174314417, 0.5994520305802289]
['162864005,55822004,195662009', 0.4090909090909091, -0.05328773168578993, 0.8847530422333573, 0.5996456029037698]
['15777000,195662009,195662009', 0.4024390243902439, -0.05993961638645512, 0.8703668139043595, 0.5999073721324578]
['40055000,72892002,444814009', 0.40625, -0.2503033980582524, 0.6187615526802218, 0.6009994383001801]
['444814009,15777000,444814009', 0.41025641025641024, -0.24629698780184217, 0.6248637376178966, 0.6016629604563473]
['162864005,271737000,10509002', 0.4024390243902439, 0.003167179730049763, 1.0079323893542889, 0.6019864450784163]
['59621000,162864005,15777000', 0.40384615384615385, 0.10651605675877523, 1.3582417582417583, 0.6023645795632766]
['59621000,162864005,271737000', 0.40384615384615385, 0.08952576549663926, 1.2848232848232848, 0.6024988542897803]
['195662009,44465007,444814009', 0.4166666666666667, -0.23988673139158573, 0.6346272335181763, 0.6027639402217579]
['59621000,162864005,10509002', 0.40384615384615385, 0.004574309185959691, 1.0114566284779052, 0.6031688699463026]
['72892002,398254007,10509002', 0.40540540540540543, 0.006133560745211264, 1.0153618664256963, 0.6045116390688745]
['74400008,428251008,195662009', 0.40540540540540543, -0.05697323537129362, 0.8767822941051288, 0.6052154272612164]
['59621000,302870006,431855005', 0.4, 0.3781553398058253, 18.31111111111111, 0.6074491121697705]
['59621000,237602007,431855005', 0.4, 0.3781553398058253, 18.31111111111111, 0.6074491121697705]
['59621000,302870006,127013003', 0.4, 0.37694174757281557, 17.347368421052632, 0.6074661123381404]
['59621000,237602007,127013003', 0.4, 0.37694174757281557, 17.347368421052632, 0.6074661123381404]
['195662009,195662009,444814009', 0.39378238341968913, -0.2627710146385633, 0.5997720590347946, 0.6086750039575748]
['53741008,444814009,444814009', 0.4074074074074074, -0.24914599065084503, 0.6205244061066612, 0.6102360342462514]
['126906006,444814009,10509002', 0.4117647058823529, 0.012492861222158758, 1.0312891113892366, 0.6103711876428403]
['40055000,44054006,10509002', 0.4117647058823529, 0.012492861222158758, 1.0312891113892366, 0.6103711876428403]
['92691004,444814009,10509002', 0.4117647058823529, 0.012492861222158758, 1.0312891113892366, 0.6103711876428403]
['15777000,64859006,10509002', 0.4117647058823529, 0.012492861222158758, 1.0312891113892366, 0.6103711876428403]
['58150001,444814009,195662009', 0.4117647058823529, -0.050613934894346124, 0.8905357418557973, 0.6119613845067106]
['40055000,44054006,195662009', 0.4117647058823529, -0.050613934894346124, 0.8905357418557973, 0.6119613845067106]
['43878008,72892002,444814009', 0.4, -0.2565533980582524, 0.6092421441774493, 0.6119674755909961]
['10509002,271737000,444814009', 0.4090909090909091, -0.2474624889673433, 0.6230885565451185, 0.6127137065977322]
['43878008,195662009,444814009', 0.39622641509433965, -0.26032698296391277, 0.6034945767795488, 0.6128274403852931]
['19169002,195662009,195662009', 0.38961038961038963, -0.07276825116630942, 0.8426219449841498, 0.6157025457937312]
['65363002,195662009,195662009', 0.391304347826087, -0.07107429295061207, 0.8462855186579938, 0.6176542839206267]
['162864005,68496003,10509002', 0.3939393939393939, -0.005332450720800241, 0.9866445611126462, 0.6178255324083021]
['59621000,44054006,431855005', 0.391304347826087, 0.3694596876319122, 17.91304347826087, 0.6194434822768733]
['59621000,44054006,127013003', 0.391304347826087, 0.3682460953989025, 16.97025171624714, 0.6194654505570628]
['59621000,55822004,10509002', 0.4, 0.0007281553398058582, 1.001823708206687, 0.6195501615988391]
['444814009,156073000,444814009', 0.4, -0.2565533980582524, 0.6092421441774493, 0.6195557379572154]
['15777000,19169002,156073000', 0.391304347826087, 0.3524693963697763, 10.07608695652174, 0.6197508075680664]
['302870006,444814009,444814009', 0.3888888888888889, -0.2676645091693635, 0.5923187512836312, 0.620180230012215]
['237602007,444814009,444814009', 0.3888888888888889, -0.2676645091693635, 0.5923187512836312, 0.620180230012215]
['40055000,15777000,10509002', 0.3877551020408163, -0.011516742619377851, 0.9711556355064822, 0.6202473308241802]
['59621000,72892002,10509002', 0.3826086956521739, -0.01666314900802024, 0.9582661556759615, 0.6208088526449845]
['68496003,444814009,444814009', 0.3877551020408163, -0.2687982960174361, 0.5905918744577313, 0.6222974865670121]
['44054006,444814009,444814009', 0.38596491228070173, -0.2705884857775507, 0.5878652268378896, 0.6226859423039183]
['271737000,195662009,195662009', 0.38, -0.08237864077669904, 0.8218372703412073, 0.6228000621255099]
['444814009,195662009,444814009', 0.3771043771043771, -0.2794490209538753, 0.5743696982144302, 0.624564384843671]
['444814009,68496003,195662009', 0.38461538461538464, -0.07776325616131441, 0.8318190995356349, 0.6262917490038551]
['15777000,68496003,195662009', 0.38461538461538464, -0.07776325616131441, 0.8318190995356349, 0.6262917490038551]
['43878008,10509002,72892002', 0.38235294117647056, 0.1784694460308395, 1.8753501400560224, 0.6273741332529396]
['40055000,271737000,10509002', 0.3793103448275862, -0.019961499832607976, 0.9500052405408238, 0.6276547672842296]
['195662009,10509002,444814009', 0.375, -0.2815533980582524, 0.5711645101663586, 0.6286849860756871]
['65363002,444814009,195662009', 0.37662337662337664, -0.08575526415332241, 0.8145345468180114, 0.6289541821456716]
