['444814009,40055000,444814009', 0.5, -0.1565533980582524, 0.7615526802218114, 0.5197085610200365]
['59621000,271737000,195662009', 0.4827586206896552, 0.020379979912956148, 1.0440763870033487, 0.5202567415969668]
['195662009,271737000,195662009', 0.4864864864864865, 0.024107845709787468, 1.0521387529261546, 0.5206187331029054]
['19169002,162864005,195662009', 0.4857142857142857, 0.023335644937586664, 1.0504686914135732, 0.5218510862075219]
['40055000,43878008,444814009', 0.5, -0.1565533980582524, 0.7615526802218114, 0.5223979465098949]
['40055000,302870006,444814009', 0.5, -0.1565533980582524, 0.7615526802218114, 0.5223979465098949]
['239873007,195662009,444814009', 0.5, -0.1565533980582524, 0.7615526802218114, 0.5223979465098949]
['40055000,59621000,271737000', 0.4827586206896552, 0.1684382323401406, 1.5358807082945014, 0.5240591815879504]
['59621000,44054006,80394007', 0.4782608695652174, 0.44185310257492616, 13.136231884057972, 0.5246336679358485]
['271737000,75498004,444814009', 0.5, -0.1565533980582524, 0.7615526802218114, 0.525937290248346]
['263102004,10509002,444814009', 0.5, -0.1565533980582524, 0.7615526802218114, 0.525937290248346]
['59621000,36971009,444814009', 0.5, -0.1565533980582524, 0.7615526802218114, 0.525937290248346]
['44465007,72892002,72892002', 0.48, 0.2761165048543689, 2.354285714285714, 0.5259414225941423]
['15777000,40055000,10509002', 0.48148148148148145, 0.08220963682128729, 1.2058989080265676, 0.5275455110134264]
['19169002,72892002,10509002', 0.47474747474747475, 0.07547563008728059, 1.189033189033189, 0.5277172084677971]
['239873007,444814009,444814009', 0.4838709677419355, -0.17268243031631691, 0.7369864647307853, 0.5279289601833287]
['162864005,15777000,10509002', 0.475, 0.07572815533980581, 1.1896656534954406, 0.528056841225368]
['15777000,43878008,195662009', 0.48148148148148145, 0.01910284070478241, 1.0413142801594244, 0.5287164577474859]
['232353008,72892002,195662009', 0.48148148148148145, 0.01910284070478241, 1.0413142801594244, 0.5287164577474859]
['198992004,72892002,444814009', 0.4772727272727273, -0.17928067078552512, 0.7269366493026382, 0.5311388659705824]
['444814009,19169002,444814009', 0.48148148148148145, -0.17507191657677096, 0.7333470253987814, 0.5322832410955017]
['59621000,444814009,444814009', 0.46919431279620855, -0.18735908526204387, 0.7146323729095672, 0.532568868410542]
['59621000,44054006,10509002', 0.4782608695652174, 0.07898902490502324, 1.1978326945949518, 0.5326943798559519]
['40055000,44054006,80394007', 0.47058823529411764, 0.4341804683038264, 12.925490196078432, 0.5344632768361582]
['40055000,68496003,444814009', 0.48, -0.17655339805825243, 0.731090573012939, 0.5350125686143744]
['195662009,75498004,40055000', 0.47368421052631576, 0.25038323965252934, 2.121281464530892, 0.5355129650507329]
['72892002,72892002,444814009', 0.46421267893660534, -0.19234071912164707, 0.707044819674238, 0.5365590835902835]
['72892002,198992004,195662009', 0.4666666666666667, 0.004288025889967628, 1.0092738407699038, 0.5371780681611683]
['302870006,271737000,431855005', 0.4666666666666667, 0.4448220064724919, 21.362962962962964, 0.5392357875116495]
['59621000,80394007,431855005', 0.4666666666666667, 0.4448220064724919, 21.362962962962964, 0.5392357875116495]
['302870006,271737000,127013003', 0.4666666666666667, 0.4436084142394822, 20.23859649122807, 0.5392787251887056]
['59621000,80394007,127013003', 0.4666666666666667, 0.4436084142394822, 20.23859649122807, 0.5392787251887056]
['444814009,75498004,444814009', 0.47058823529411764, -0.18596516276413477, 0.7167554637381754, 0.5406741238990672]
['10509002,43878008,444814009', 0.47058823529411764, -0.18596516276413477, 0.7167554637381754, 0.5406741238990672]
['444814009,59621000,444814009', 0.47619047619047616, -0.18036292186777625, 0.7252882668779157, 0.5421374328579366]
['271737000,19169002,43878008', 0.4666666666666667, 0.32346278317152105, 3.258757062146893, 0.5434903047091413]
['59621000,10509002,444814009', 0.4606741573033708, -0.1958792407548816, 0.7016552784066128, 0.5436735937088981]
['162864005,72892002,444814009', 0.46296296296296297, -0.19359043509528945, 0.7051413705757513, 0.544216276014658]
['10509002,72892002,444814009', 0.45871559633027525, -0.19783780172797716, 0.6986721836897354, 0.5448488879369623]
['1.24171E+14,55680006,10509002', 0.4642857142857143, 0.06501386962552014, 1.1628310898827616, 0.5454420079988967]
['15777000,36971009,40055000', 0.4666666666666667, 0.24336569579288025, 2.089855072463768, 0.5462555066079294]
['271737000,36971009,40055000', 0.4666666666666667, 0.24336569579288025, 2.089855072463768, 0.5462555066079294]
['80394007,444814009,444814009', 0.4666666666666667, -0.18988673139158574, 0.7107825015403574, 0.5463515859907678]
['446096008,444814009,444814009', 0.4666666666666667, -0.18988673139158574, 0.7107825015403574, 0.5463515859907678]
['195662009,162864005,444814009', 0.47368421052631576, -0.18286918753193665, 0.7214709602101371, 0.5469104405801086]
['15777000,64859006,195662009', 0.47058823529411764, 0.008209594517418595, 1.0177551335494828, 0.5472882819244956]
['65363002,10509002,10509002', 0.4594594594594595, 0.06018761479926532, 1.150743448615789, 0.5480133017929995]
['162864005,10509002,444814009', 0.45535714285714285, -0.20119625520110956, 0.6935569052020069, 0.5481514789265308]
['59621000,80394007,15777000', 0.4666666666666667, 0.16933656957928805, 1.5695238095238098, 0.5487816008031394]
['162864005,43878008,444814009', 0.4642857142857143, -0.1922676837725381, 0.7071560602059678, 0.5498292738447531]
['444814009,62106007,195662009', 0.46153846153846156, -0.0008401792382374818, 0.9981829194427619, 0.5503299102048916]
['271737000,43878008,195662009', 0.46153846153846156, -0.0008401792382374818, 0.9981829194427619, 0.5503299102048916]
['82423001,55680006,195662009', 0.46153846153846156, -0.0008401792382374818, 0.9981829194427619, 0.5503299102048916]
['59621000,195662009,444814009', 0.45217391304347826, -0.20437948501477415, 0.6887085108092904, 0.5512797240878562]
['65363002,43878008,195662009', 0.45714285714285713, -0.005235783633841917, 0.988676415448069, 0.5517353933195517]
['65363002,195662009,444814009', 0.45652173913043476, -0.20003165892781766, 0.6953307080286104, 0.5521374025056391]
['40055000,237602007,10509002', 0.4666666666666667, 0.06739482200647251, 1.1687943262411349, 0.5522144733266914]
['44054006,237602007,10509002', 0.4528301886792453, 0.05355834401905113, 1.134140047026438, 0.5525228437182726]
['40055000,162864005,10509002', 0.4528301886792453, 0.05355834401905113, 1.134140047026438, 0.5525228437182726]
['40055000,44054006,444814009', 0.47058823529411764, -0.18596516276413477, 0.7167554637381754, 0.5529028757460663]
['44054006,237602007,195662009', 0.4528301886792453, -0.009548452097453752, 0.9793492794532759, 0.5530715717486145]
['19169002,271737000,10509002', 0.4583333333333333, 0.05906148867313915, 1.1479229989868287, 0.5535569160752019]
['271737000,302870006,10509002', 0.45454545454545453, 0.055273609885260366, 1.1384360320530533, 0.5541297878096857]
['302870006,80394007,195662009', 0.4666666666666667, 0.004288025889967628, 1.0092738407699038, 0.5543135310556206]
['1.24171E+14,271737000,195662009', 0.4666666666666667, 0.004288025889967628, 1.0092738407699038, 0.5543135310556206]
['237602007,80394007,195662009', 0.4666666666666667, 0.004288025889967628, 1.0092738407699038, 0.5543135310556206]
['237602007,3.68581E+14,195662009', 0.4666666666666667, 0.004288025889967628, 1.0092738407699038, 0.5543135310556206]
['40055000,59621000,72892002', 0.4482758620689655, 0.24439236692333446, 2.1986863711001643, 0.5588865096359744]
['195662009,65363002,444814009', 0.4666666666666667, -0.18988673139158574, 0.7107825015403574, 0.5606504932018127]
['198992004,195662009,444814009', 0.4666666666666667, -0.18988673139158574, 0.7107825015403574, 0.5606504932018127]
['302870006,237602007,10509002', 0.4444444444444444, 0.045172599784250256, 1.1131374535629854, 0.5610626027746254]
['44054006,302870006,10509002', 0.4444444444444444, 0.045172599784250256, 1.1131374535629854, 0.5610626027746254]
['302870006,237602007,195662009', 0.4444444444444444, -0.017934196332254626, 0.9612131816856225, 0.5615905989035138]
['44054006,302870006,195662009', 0.4444444444444444, -0.017934196332254626, 0.9612131816856225, 0.5615905989035138]
['232353008,72892002,43878008', 0.4444444444444444, 0.3012405609492988, 3.103578154425612, 0.5625060334009074]
['195662009,444814009,444814009', 0.43870967741935485, -0.21784372063889756, 0.6682010613559121, 0.562620658742672]
['72892002,195662009,444814009', 0.44, -0.2165533980582524, 0.6701663585951941, 0.5627505245197685]
['195662009,68496003,444814009', 0.45454545454545453, -0.20200794351279788, 0.6923206183834649, 0.5643029199224487]
['10509002,43878008,72892002', 0.4411764705882353, 0.23729297544260422, 2.1638655462184873, 0.5652698221284295]
['59621000,55822004,195662009', 0.45, -0.012378640776699035, 0.9732283464566929, 0.5666863866430026]
['10509002,195662009,444814009', 0.4365079365079365, -0.2200454615503159, 0.6648475779714227, 0.5668097783229651]
['271737000,10509002,444814009', 0.4368932038834951, -0.2196601941747573, 0.6654343807763401, 0.5671700590938936]
['271737000,237602007,10509002', 0.4411764705882353, 0.04190462592804112, 1.1049526193456105, 0.5678915233921414]
['40055000,55822004,195662009', 0.4444444444444444, -0.017934196332254626, 0.9612131816856225, 0.5679900862685288]
['444814009,156073000,72892002', 0.44, 0.23611650485436894, 2.158095238095238, 0.5690376569037657]
['195662009,43878008,195662009', 0.4375, -0.024878640776699046, 0.9461942257217847, 0.5695442079143268]
['162864005,44054006,431855005', 0.4375, 0.41565533980582525, 20.02777777777778, 0.5720962437251169]
['162864005,302870006,431855005', 0.4375, 0.41565533980582525, 20.02777777777778, 0.5720962437251169]
['162864005,237602007,431855005', 0.4375, 0.41565533980582525, 20.02777777777778, 0.5720962437251169]
['72892002,43878008,195662009', 0.4339622641509434, -0.028416376625755635, 0.9385430594760561, 0.572503242542153]
['271737000,40055000,10509002', 0.44, 0.04072815533980584, 1.1020060790273556, 0.5726362740521757]
['15777000,237602007,10509002', 0.4444444444444444, 0.045172599784250256, 1.1131374535629854, 0.5731517797676312]
['15777000,302870006,10509002', 0.4444444444444444, 0.045172599784250256, 1.1131374535629854, 0.5731517797676312]
['36971009,40055000,195662009', 0.4444444444444444, -0.017934196332254626, 0.9612131816856225, 0.5747880575009215]
