['162864005,55822004,15777000', 0.18181818181818182, -0.1155119152691968, 0.6115027829313544, 0.8345049206668005]
['195662009,444814009,72892002', 0.16774193548387098, -0.03614155966176008, 0.8227342549923196, 0.8345251220664672]
['198992004,72892002,195662009', 0.18181818181818182, -0.2805604589585172, 0.3932235743259365, 0.835148189430964]
['72892002,10509002,10509002', 0.17073170731707318, -0.22854013734312098, 0.4276076803321225, 0.8352543660592004]
['19169002,72892002,43878008', 0.1717171717171717, 0.02851328822202609, 1.1991097414826228, 0.835294705544312]
['444814009,65363002,444814009', 0.18421052631578946, -0.4723428717424629, 0.28057204008172, 0.8363184903161729]
['10509002,195662009,72892002', 0.16666666666666666, -0.0372168284789644, 0.8174603174603174, 0.8389744391464083]
['40055000,271737000,55822004', 0.1724137931034483, 0.07168563776364247, 1.7116742833402578, 0.8395742747744824]
['10509002,10509002,10509002', 0.16853932584269662, -0.23073251881749754, 0.4221167309859636, 0.8398155990946582]
['271737000,444814009,72892002', 0.16129032258064516, -0.042593172564985904, 0.7910906298003072, 0.841594700106471]
['40055000,444814009,72892002', 0.16111111111111112, -0.04277238403451994, 0.7902116402116403, 0.8428766003813674]
['72892002,19169002,43878008', 0.16666666666666666, 0.023462783171521034, 1.1638418079096045, 0.8431779646354545]
['15777000,444814009,72892002', 0.15849056603773584, -0.04539292910789522, 0.7773584905660377, 0.8442272224271486]
['72892002,195662009,10509002', 0.16, -0.23927184466019416, 0.40072948328267477, 0.8450127166117385]
['162864005,15777000,68496003', 0.1625, 0.08118932038834951, 1.998507462686567, 0.8463140552386578]
['44054006,302870006,43878008', 0.16666666666666666, 0.023462783171521034, 1.1638418079096045, 0.8465763627053949]
['10509002,195662009,195662009', 0.15873015873015872, -0.3036484820465403, 0.34329042203057947, 0.8473434285324258]
['15777000,271737000,68496003', 0.15346534653465346, 0.07215466692300297, 1.8873947096202155, 0.8500609582269344]
['72892002,72892002,198992004', 0.15132924335378323, 0.10885351519844341, 3.562722757814782, 0.8501157421827306]
['162864005,271737000,72892002', 0.15853658536585366, -0.0453469097797774, 0.7775842044134728, 0.8503813097687931]
['10509002,72892002,43878008', 0.1559633027522936, 0.012759419257147964, 1.0890996734566942, 0.8506671499444985]
['10509002,72892002,19169002', 0.1559633027522936, -0.007871648704017103, 0.9519537886510363, 0.850695899346568]
['1.24171E+14,444814009,15777000', 0.16, -0.13733009708737862, 0.5381224489795919, 0.8550644520943789]
['1.24171E+14,444814009,195662009', 0.16, -0.30237864077669907, 0.34603674540682416, 0.8555580597500814]
['40055000,271737000,72892002', 0.15517241379310345, -0.04871108135252761, 0.7610837438423645, 0.8576610813612022]
['40055000,10509002,10509002', 0.1511627906976744, -0.24810905396251975, 0.3785961687990387, 0.8578186785534546]
['444814009,72892002,10509002', 0.1446280991735537, -0.2546437454866405, 0.36222964656233514, 0.8585686231946246]
['59621000,72892002,43878008', 0.14782608695652175, 0.004622203461376123, 1.0322770817980842, 0.8585862919661053]
['195662009,10509002,10509002', 0.14705882352941177, -0.25221302113078237, 0.3683175397818702, 0.8586301864644003]
['162864005,15777000,72892002', 0.15, -0.053883495145631066, 0.7357142857142858, 0.8593420235878335]
['72892002,444814009,195662009', 0.14345991561181434, -0.31891872516488473, 0.31026501434156173, 0.8598502223986063]
['59621000,162864005,68496003', 0.15384615384615385, 0.07253547423450336, 1.8920780711825487, 0.8602273002641335]
['444814009,44465007,72892002', 0.15555555555555556, -0.0483279395900755, 0.762962962962963, 0.8611235955056181]
['40055000,162864005,55822004', 0.1509433962264151, 0.050215240886609266, 1.498522391452603, 0.8630156506044124]
['44054006,237602007,43878008', 0.1509433962264151, 0.007739512731269466, 1.0540454109370003, 0.8631294195814152]
['82423001,444814009,271737000', 0.15217391304347827, -0.16214647530603632, 0.48413631022326675, 0.8646035875667534]
['82423001,444814009,195662009', 0.15217391304347827, -0.3102047277332208, 0.3291110350336643, 0.8650544531484564]
['302870006,237602007,43878008', 0.14814814814814814, 0.004944264653002517, 1.034526051475204, 0.8657543173672206]
['195662009,10509002,195662009', 0.13970588235294118, -0.32267275842375787, 0.3021460552725027, 0.8661335595729127]
['72892002,72892002,43878008', 0.13496932515337423, -0.008234558341771392, 0.942497660393054, 0.8665690099300957]
['59621000,15777000,55822004', 0.13924050632911392, 0.038512350989308095, 1.3823394845203598, 0.8702995388078262]
['59621000,271737000,55822004', 0.13793103448275862, 0.0372028791429528, 1.369339426672206, 0.8707414115197581]
['444814009,195662009,72892002', 0.13131313131313133, -0.07257036383249973, 0.6440596440596441, 0.8712754061698349]
['40055000,72892002,271737000', 0.140625, -0.1736953883495146, 0.44739382239382236, 0.87161859504937]
['162864005,15777000,43878008', 0.1375, -0.005703883495145612, 0.9601694915254239, 0.8720298182947663]
['72892002,444814009,10509002', 0.1308016877637131, -0.26847015689648107, 0.3276005796878407, 0.8725569549773418]
['162864005,10509002,72892002', 0.13392857142857142, -0.06995492371705964, 0.6568877551020408, 0.8729627345608316]
['162864005,10509002,10509002', 0.13392857142857142, -0.26534327323162277, 0.3354320451584889, 0.8731875693917708]
['10509002,10509002,72892002', 0.1348314606741573, -0.06905203447147376, 0.6613162118780096, 0.8738588287686485]
['162864005,271737000,237602007', 0.13414634146341464, 0.06861236088089037, 2.046973803071364, 0.8751023130324067]
['162864005,271737000,302870006', 0.13414634146341464, 0.06739876864788066, 2.0097560975609756, 0.875104206138689]
['162864005,271737000,68496003', 0.13414634146341464, 0.05283566185176415, 1.6497997815799053, 0.8751269189385789]
['162864005,271737000,43878008', 0.13414634146341464, -0.00905754203173098, 0.9367507234394379, 0.8752233562494321]
['271737000,72892002,19169002', 0.13414634146341464, -0.029688609992896048, 0.8187895212285456, 0.875255468927409]
['59621000,72892002,44465007', 0.13043478260869565, 0.03334740396791895, 1.3434782608695652, 0.8762125504335135]
['19169002,72892002,162864005', 0.13131313131313133, -0.17329851917230554, 0.43108374582478176, 0.8766759375896431]
['72892002,198992004,43878008', 0.13333333333333333, -0.009870550161812292, 0.9310734463276836, 0.8769537083125933]
['444814009,10509002,10509002', 0.125, -0.27427184466019416, 0.3130699088145897, 0.8784718381450521]
['65363002,65363002,195662009', 0.13725490196078433, -0.3251237388159147, 0.29684524728526585, 0.8786956841769511]
['15777000,271737000,55822004', 0.12376237623762376, 0.02303422089781794, 1.2286770845759274, 0.8800604064700424]
['59621000,162864005,43878008', 0.1346153846153846, -0.008588498879761014, 0.940026075619296, 0.8803427077786921]
['59621000,162864005,72892002', 0.1346153846153846, -0.06926811053024645, 0.6602564102564102, 0.8804873332044091]
['271737000,10509002,72892002', 0.1262135922330097, -0.07766990291262135, 0.6190476190476191, 0.8814274750575596]
['44465007,444814009,162864005', 0.13114754098360656, -0.1734641095018303, 0.4305401345437921, 0.8819653344793009]
['44465007,444814009,10509002', 0.13114754098360656, -0.26812430367658757, 0.328466789575963, 0.8821534375319235]
['59621000,271737000,68496003', 0.12643678160919541, 0.04512610199754492, 1.5549837021787614, 0.882465374356341]
['59621000,271737000,44465007', 0.12643678160919541, 0.029349402968418717, 1.3022988505747128, 0.8824871648602396]
['40055000,162864005,68496003', 0.1320754716981132, 0.050764792086462715, 1.6243311743170936, 0.8825402104963057]
['40055000,162864005,44465007', 0.1320754716981132, 0.03498809305733651, 1.360377358490566, 0.8825764772943188]
['43878008,195662009,43878008', 0.1320754716981132, -0.011128411797032417, 0.9222897345698753, 0.8826823596412131]
['72892002,43878008,43878008', 0.1320754716981132, -0.011128411797032417, 0.9222897345698753, 0.8826823596412131]
