['72892002,398254007,444814009', 0.5675675675675675, -0.08898583049068487, 0.8644652045761103, 0.43909329158299576]
['162864005,44054006,15777000', 0.5625, 0.2651699029126214, 1.8918367346938776, 0.4404549698667346]
['162864005,302870006,15777000', 0.5625, 0.2651699029126214, 1.8918367346938776, 0.4404549698667346]
['162864005,237602007,15777000', 0.5625, 0.2651699029126214, 1.8918367346938776, 0.4404549698667346]
['19169002,195662009,444814009', 0.5584415584415584, -0.09811183961669401, 0.8505653311568283, 0.4448597231356572]
['59621000,15777000,195662009', 0.5569620253164557, 0.09458338453975662, 1.2045582909731218, 0.44489182033245084]
['59621000,72892002,444814009', 0.5565217391304348, -0.10003165892781762, 0.8476412440729728, 0.4456984826967635]
['271737000,127013003,195662009', 0.5625, 0.10012135922330095, 1.2165354330708662, 0.4468406478140471]
['239872002,444814009,444814009', 0.5714285714285714, -0.08512482662968102, 0.8703459202534988, 0.44692683862307037]
['19169002,15777000,10509002', 0.5555555555555556, 0.15628371089536142, 1.391421816953732, 0.4488030961823307]
['72892002,10509002,444814009', 0.5528455284552846, -0.10370786960296785, 0.8420419878875314, 0.4492692902389147]
['40055000,271737000,195662009', 0.5517241379310345, 0.08934549715433543, 1.1932301565752557, 0.45096184846856524]
['162864005,40055000,10509002', 0.5517241379310345, 0.1524522932708403, 1.3818258044230165, 0.4525401957744607]
['15777000,195662009,444814009', 0.5487804878048781, -0.10777291025337432, 0.8358505026824761, 0.4528348342522887]
['44054006,431855005,195662009', 0.5555555555555556, 0.09317691477885653, 1.2015164771070284, 0.4532989310726132]
['302870006,431855005,195662009', 0.5555555555555556, 0.09317691477885653, 1.2015164771070284, 0.4532989310726132]
['237602007,431855005,195662009', 0.5555555555555556, 0.09317691477885653, 1.2015164771070284, 0.4532989310726132]
['431855005,127013003,195662009', 0.5555555555555556, 0.09317691477885653, 1.2015164771070284, 0.4532989310726132]
['302870006,3.68581E+14,444814009', 0.5625, -0.09405339805825241, 0.8567467652495379, 0.4541690817255942]
['44054006,3.68581E+14,444814009', 0.5625, -0.09405339805825241, 0.8567467652495379, 0.4541690817255942]
['162864005,195662009,444814009', 0.5460526315789473, -0.11050076647930507, 0.8316956902422414, 0.4557156781401794]
['444814009,53741008,399211009', 0.5384615384615384, 0.5129761015683345, 21.128205128205128, 0.4558062740781509]
['444814009,53741008,22298006', 0.5384615384615384, 0.5129761015683345, 21.128205128205128, 0.4558062740781509]
['19169002,10509002,444814009', 0.5441176470588235, -0.11243575099942893, 0.8287485049472654, 0.4599180700955849]
['40055000,19169002,10509002', 0.5454545454545454, 0.14618270079435125, 1.366123238463664, 0.4607650663335119]
['162864005,444814009,444814009', 0.5403225806451613, -0.11623081741309116, 0.8229682189493769, 0.46078870328913385]
['271737000,195662009,444814009', 0.54, -0.11655339805825238, 0.8224768946395564, 0.46184679940894585]
['444814009,62106007,72892002', 0.5384615384615384, 0.33457804331590735, 2.641025641025641, 0.4628961091054955]
['15777000,75498004,444814009', 0.55, -0.10655339805825237, 0.8377079482439926, 0.46399531646393033]
['230690007,444814009,444814009', 0.55, -0.10655339805825237, 0.8377079482439926, 0.46399531646393033]
['59621000,80394007,237602007', 0.5333333333333333, 0.4677993527508091, 8.138271604938272, 0.4642392717815344]
['59621000,80394007,302870006', 0.5333333333333333, 0.4665857605177993, 7.99030303030303, 0.4642890312993405]
['10509002,59621000,72892002', 0.5384615384615384, 0.33457804331590735, 2.641025641025641, 0.4644714038128251]
['444814009,398254007,72892002', 0.5384615384615384, 0.33457804331590735, 2.641025641025641, 0.4644714038128251]
['444814009,36971009,72892002', 0.5384615384615384, 0.33457804331590735, 2.641025641025641, 0.4644714038128251]
['444814009,58150001,72892002', 0.5384615384615384, 0.33457804331590735, 2.641025641025641, 0.4644714038128251]
['444814009,68496003,444814009', 0.5384615384615384, -0.11809185959671398, 0.8201336556234893, 0.46888394727512966]
['15777000,444814009,444814009', 0.5320754716981132, -0.12447792636013921, 0.8104070031039654, 0.4690061817328184]
['15777000,239873007,68496003', 0.5294117647058824, 0.44810108509423185, 6.510974539069359, 0.46954212601593304]
['196416002,82423001,72892002', 0.5333333333333333, 0.32944983818770224, 2.615873015873016, 0.4698529411764705]
['1.24171E+14,271737000,72892002', 0.5333333333333333, 0.32944983818770224, 2.615873015873016, 0.4698529411764705]
['271737000,444814009,444814009', 0.5282258064516129, -0.12832759160663954, 0.8045435573311073, 0.47295136411719846]
['44054006,80394007,195662009', 0.5333333333333333, 0.07095469255663428, 1.153455818022747, 0.4729885302519935]
['19169002,64859006,10509002', 0.5384615384615384, 0.13918969380134427, 1.34860883797054, 0.47365059086553823]
['44465007,10509002,72892002', 0.5294117647058824, 0.32552826956025127, 2.596638655462185, 0.47381864623243936]
['43878008,72892002,72892002', 0.525, 0.32111650485436893, 2.575, 0.4764930114358322]
['232353008,10509002,195662009', 0.5384615384615384, 0.07608289768483939, 1.164546739349889, 0.4765484383271572]
['82423001,15777000,195662009', 0.5384615384615384, 0.07608289768483939, 1.164546739349889, 0.4765484383271572]
['82423001,271737000,195662009', 0.5384615384615384, 0.07608289768483939, 1.164546739349889, 0.4765484383271572]
['196416002,1.24171E+14,195662009', 0.5384615384615384, 0.07608289768483939, 1.164546739349889, 0.4765484383271572]
['271737000,239873007,10509002', 0.5333333333333333, 0.13406148867313916, 1.3357649442755826, 0.4775835522144733]
['10509002,72892002,72892002', 0.5229357798165137, 0.31905228467088265, 2.564875491480996, 0.47763086397391774]
['195662009,72892002,444814009', 0.5252525252525253, -0.1313008728057271, 0.8000149367986708, 0.4777616224881631]
['271737000,19169002,195662009', 0.5333333333333333, 0.07095469255663428, 1.153455818022747, 0.48003245289822416]
['271737000,3.68581E+14,195662009', 0.5333333333333333, 0.07095469255663428, 1.153455818022747, 0.48003245289822416]
['59621000,80394007,195662009', 0.5333333333333333, 0.07095469255663428, 1.153455818022747, 0.48003245289822416]
['271737000,431855005,195662009', 0.5333333333333333, 0.07095469255663428, 1.153455818022747, 0.48003245289822416]
['53741008,444814009,22298006', 0.5185185185185185, 0.4930330816253146, 20.345679012345677, 0.4805295572474662]
['53741008,444814009,399211009', 0.5185185185185185, 0.4930330816253146, 20.345679012345677, 0.4805295572474662]
['446096008,195662009,195662009', 0.5294117647058824, 0.06703312392918331, 1.144974525243168, 0.4826151793422808]
['444814009,19169002,72892002', 0.5185185185185185, 0.3146350233728874, 2.5432098765432096, 0.4842064714946072]
['68496003,713197008,195662009', 0.5263157894736842, 0.06393714869698514, 1.1382787677856057, 0.48460629647647513]
['271737000,80394007,195662009', 0.5263157894736842, 0.06393714869698514, 1.1382787677856057, 0.48460629647647513]
['40055000,64859006,444814009', 0.5384615384615384, -0.11809185959671398, 0.8201336556234893, 0.4852680895366997]
['59621000,39848009,444814009', 0.5384615384615384, -0.11809185959671398, 0.8201336556234893, 0.4852680895366997]
['10509002,59621000,444814009', 0.5384615384615384, -0.11809185959671398, 0.8201336556234893, 0.4852680895366997]
['271737000,44054006,444814009', 0.5384615384615384, -0.11809185959671398, 0.8201336556234893, 0.4852680895366997]
['239873007,10509002,444814009', 0.5384615384615384, -0.11809185959671398, 0.8201336556234893, 0.4852680895366997]
['62106007,444814009,195662009', 0.5238095238095238, 0.06143088303282479, 1.1328583927009124, 0.48618818981106193]
['72892002,35999006,10509002', 0.52, 0.12072815533980585, 1.302370820668693, 0.4871635288626108]
['40055000,237602007,444814009', 0.5333333333333333, -0.12322006472491909, 0.8123228589032656, 0.48742557540211484]
['271737000,3.68581E+14,444814009', 0.5333333333333333, -0.12322006472491909, 0.8123228589032656, 0.48742557540211484]
['237602007,3.68581E+14,444814009', 0.5333333333333333, -0.12322006472491909, 0.8123228589032656, 0.48742557540211484]
['271737000,230690007,444814009', 0.5333333333333333, -0.12322006472491909, 0.8123228589032656, 0.48742557540211484]
['59621000,72892002,195662009', 0.5130434782608696, 0.050664837484170555, 1.1095743466849253, 0.4888173446140353]
['126906006,444814009,444814009', 0.5294117647058824, -0.12714163335237005, 0.8063498967054474, 0.4890318579955043]
['92691004,444814009,444814009', 0.5294117647058824, -0.12714163335237005, 0.8063498967054474, 0.4890318579955043]
['128613002,703151001,10509002', 0.5172413793103449, 0.1179695346501507, 1.295461691646578, 0.4890375160561633]
['40055000,59621000,10509002', 0.5172413793103449, 0.1179695346501507, 1.295461691646578, 0.4890375160561633]
['40055000,444814009,444814009', 0.5111111111111111, -0.14544228694714134, 0.7784760731156295, 0.4906428100779144]
['19169002,162864005,10509002', 0.5142857142857142, 0.11501386962552007, 1.2880590534085974, 0.49100686748301303]
['59621000,19169002,10509002', 0.5128205128205128, 0.11354866816031861, 1.2843893694957524, 0.49196871856442864]
['75498004,40055000,444814009', 0.5217391304347826, -0.13481426762346982, 0.7946636663184119, 0.49207060801344926]
['72892002,398254007,195662009', 0.5135135135135135, 0.05113487273681444, 1.1105909058664962, 0.49241983505013526]
['44054006,271737000,195662009', 0.5135135135135135, 0.05113487273681444, 1.1105909058664962, 0.49241983505013526]
['68496003,10509002,444814009', 0.5185185185185185, -0.13803487953973392, 0.7897583350448415, 0.4933068445201268]
['232353008,72892002,444814009', 0.5185185185185185, -0.13803487953973392, 0.7897583350448415, 0.4933068445201268]
['72892002,156073000,195662009', 0.5074626865671642, 0.045084045790465155, 1.0975046029694049, 0.4958936615932223]
['64859006,444814009,443165006', 0.5, 0.4854368932038835, 34.333333333333336, 0.5004546832373448]
['162864005,44054006,127013003', 0.5, 0.47694174757281554, 21.684210526315788, 0.5008221549112938]
['162864005,302870006,127013003', 0.5, 0.47694174757281554, 21.684210526315788, 0.5008221549112938]
['162864005,237602007,127013003', 0.5, 0.47694174757281554, 21.684210526315788, 0.5008221549112938]
['44054006,80394007,237602007', 0.5, 0.43446601941747576, 7.62962962962963, 0.5011675170803425]
['44054006,80394007,302870006', 0.5, 0.433252427184466, 7.490909090909091, 0.5011890863492887]
['15777000,10509002,444814009', 0.5, -0.1565533980582524, 0.7615526802218114, 0.5031978153187766]
['19169002,271737000,72892002', 0.5, 0.2961165048543689, 2.4523809523809526, 0.5045911674682991]
['162864005,19169002,72892002', 0.5, 0.2961165048543689, 2.4523809523809526, 0.5045911674682991]
['1.24171E+14,55680006,195662009', 0.5, 0.037621359223300954, 1.0813648293963254, 0.5087365283191929]
['162864005,19169002,10509002', 0.5, 0.10072815533980584, 1.2522796352583587, 0.508912607682722]
['1.24171E+14,82423001,15777000', 0.5, 0.20266990291262138, 1.6816326530612247, 0.5103980986333928]
['1.24171E+14,82423001,271737000', 0.5, 0.1856796116504854, 1.5907335907335907, 0.5109792284866469]
['162864005,59621000,271737000', 0.5, 0.1856796116504854, 1.5907335907335907, 0.5109792284866469]
['232353008,444814009,444814009', 0.5, -0.1565533980582524, 0.7615526802218114, 0.5114555541439039]
['15777000,75498004,195662009', 0.5, 0.037621359223300954, 1.0813648293963254, 0.5125221849733781]
['444814009,40055000,195662009', 0.5, 0.037621359223300954, 1.0813648293963254, 0.5140434942867673]
['59621000,43878008,444814009', 0.5, -0.1565533980582524, 0.7615526802218114, 0.5144892602710376]
['44054006,3.68581E+14,195662009', 0.5, 0.037621359223300954, 1.0813648293963254, 0.5159855668372912]
['302870006,3.68581E+14,195662009', 0.5, 0.037621359223300954, 1.0813648293963254, 0.5159855668372912]
['74400008,428251008,72892002', 0.4864864864864865, 0.2826029913408554, 2.386100386100386, 0.5170987313844457]
['271737000,75498004,195662009', 0.5, 0.037621359223300954, 1.0813648293963254, 0.5185509786736779]
['59621000,36971009,195662009', 0.5, 0.037621359223300954, 1.0813648293963254, 0.5185509786736779]
['367498001,72892002,195662009', 0.5, 0.037621359223300954, 1.0813648293963254, 0.5185509786736779]
