['239873007,68496003,444814009', 0.6923076923076923, 0.03575429424943988, 1.0544575572302004, 0.31369078604893297]
['19169002,64859006,444814009', 0.6923076923076923, 0.03575429424943988, 1.0544575572302004, 0.31369078604893297]
['82423001,1.24171E+14,72892002', 0.6666666666666666, 0.46278317152103554, 3.2698412698412698, 0.3139866793529971]
['58150001,72892002,72892002', 0.6666666666666666, 0.46278317152103554, 3.2698412698412698, 0.3139866793529971]
['196416002,271737000,72892002', 0.6666666666666666, 0.46278317152103554, 3.2698412698412698, 0.3139866793529971]
['196416002,444814009,444814009', 0.6875, 0.030946601941747587, 1.0471349353049908, 0.3141370789439458]
['162864005,59621000,444814009', 0.6875, 0.030946601941747587, 1.0471349353049908, 0.3177113521569927]
['271737000,72892002,444814009', 0.6829268292682927, 0.02637343121004032, 1.0401695144493035, 0.3180963271693173]
['65363002,72892002,72892002', 0.6666666666666666, 0.46278317152103554, 3.2698412698412698, 0.3183823529411764]
['196416002,15777000,271737000', 0.6666666666666666, 0.35234627831715204, 2.120978120978121, 0.3213319214025179]
['82423001,72892002,72892002', 0.6666666666666666, 0.46278317152103554, 3.2698412698412698, 0.3230535894843278]
['302870006,80394007,15777000', 0.6666666666666666, 0.369336569579288, 2.2421768707482994, 0.3231724012047093]
['237602007,80394007,15777000', 0.6666666666666666, 0.369336569579288, 2.2421768707482994, 0.3231724012047093]
['80394007,302870006,15777000', 0.6666666666666666, 0.369336569579288, 2.2421768707482994, 0.3231724012047093]
['80394007,237602007,15777000', 0.6666666666666666, 0.369336569579288, 2.2421768707482994, 0.3231724012047093]
['72892002,35999006,444814009', 0.68, 0.023446601941747636, 1.0357116451016637, 0.3236546452572719]
['271737000,263102004,10509002', 0.6666666666666666, 0.26739482200647247, 1.6697061803444782, 0.3268759481853192]
['271737000,3.68581E+14,10509002', 0.6666666666666666, 0.26739482200647247, 1.6697061803444782, 0.3283217099900371]
['237602007,3.68581E+14,10509002', 0.6666666666666666, 0.26739482200647247, 1.6697061803444782, 0.3283217099900371]
['44054006,80394007,15777000', 0.6666666666666666, 0.369336569579288, 2.2421768707482994, 0.328558562422267]
['82423001,1.24171E+14,195662009', 0.6666666666666666, 0.20428802588996758, 1.4418197725284339, 0.3309360863008931]
['162864005,75498004,195662009', 0.6666666666666666, 0.20428802588996758, 1.4418197725284339, 0.33147029658343097]
['271737000,64859006,443165006', 0.6428571428571429, 0.6282940360610264, 44.142857142857146, 0.33414141414141396]
['53741008,10509002,22298006', 0.6363636363636364, 0.6108781994704324, 24.96969696969697, 0.33521581282775326]
['53741008,10509002,399211009', 0.6363636363636364, 0.6108781994704324, 24.96969696969697, 0.33521581282775326]
['55822004,68496003,444814009', 0.6666666666666666, 0.010113268608414216, 1.0154035736290818, 0.33864295857257526]
['162864005,44465007,444814009', 0.6666666666666666, 0.010113268608414216, 1.0154035736290818, 0.33959927140255014]
['1.24171E+14,10509002,444814009', 0.6666666666666666, 0.010113268608414216, 1.0154035736290818, 0.33959927140255014]
['15777000,36971009,444814009', 0.6666666666666666, 0.010113268608414216, 1.0154035736290818, 0.3409757398027192]
['74400008,195662009,444814009', 0.6666666666666666, 0.010113268608414216, 1.0154035736290818, 0.3409757398027192]
['428251008,195662009,444814009', 0.6666666666666666, 0.010113268608414216, 1.0154035736290818, 0.3409757398027192]
['271737000,36971009,444814009', 0.6666666666666666, 0.010113268608414216, 1.0154035736290818, 0.3409757398027192]
['162864005,271737000,195662009', 0.6585365853658537, 0.19615794458915464, 1.4242366045707702, 0.3413070692749733]
['1.24171E+14,444814009,444814009', 0.66, 0.003446601941747618, 1.0052495378927913, 0.34232908487765934]
['428251008,10509002,444814009', 0.6666666666666666, 0.010113268608414216, 1.0154035736290818, 0.3431272064685116]
['74400008,10509002,444814009', 0.6666666666666666, 0.010113268608414216, 1.0154035736290818, 0.3431272064685116]
['444814009,283385000,444814009', 0.6666666666666666, 0.010113268608414216, 1.0154035736290818, 0.3431272064685116]
['40055000,44054006,271737000', 0.6470588235294118, 0.3327384351798972, 2.058596411537588, 0.3470164038354861]
['15777000,19169002,195662009', 0.6521739130434783, 0.18979527226677922, 1.4104758644299897, 0.3476957873904439]
['44054006,15777000,195662009', 0.65, 0.18762135922330098, 1.4057742782152232, 0.35002957996450396]
['80394007,15777000,195662009', 0.65, 0.18762135922330098, 1.4057742782152232, 0.35002957996450396]
['302870006,15777000,195662009', 0.65, 0.18762135922330098, 1.4057742782152232, 0.35002957996450396]
['156073000,195662009,195662009', 0.65, 0.18762135922330098, 1.4057742782152232, 0.35002957996450396]
['237602007,15777000,195662009', 0.65, 0.18762135922330098, 1.4057742782152232, 0.35002957996450396]
['35999006,72892002,10509002', 0.6470588235294118, 0.24778697886921763, 1.620597175040229, 0.3506186460714004]
['15777000,55822004,195662009', 0.6470588235294118, 0.18468018275271275, 1.399413308630539, 0.35309731204904843]
['15777000,239873007,195662009', 0.6470588235294118, 0.18468018275271275, 1.399413308630539, 0.3532689741778509]
['307731004,444814009,195662009', 0.6428571428571429, 0.18047850208044386, 1.390326209223847, 0.35806797156490394]
['162864005,239873007,195662009', 0.6428571428571429, 0.18047850208044386, 1.390326209223847, 0.35806797156490394]
['15777000,271737000,195662009', 0.6386138613861386, 0.17623522060943958, 1.3811491385359007, 0.36147619883642795]
['162864005,55680006,10509002', 0.6363636363636364, 0.2370917917034422, 1.5938104448742747, 0.3616526791478373]
['15777000,3.68581E+14,10509002', 0.6363636363636364, 0.2370917917034422, 1.5938104448742747, 0.3616526791478373]
['195662009,55822004,195662009', 0.6363636363636364, 0.1739849955869373, 1.3762825101407778, 0.36590996537129666]
['444814009,263102004,195662009', 0.6363636363636364, 0.1739849955869373, 1.3762825101407778, 0.36590996537129666]
['195662009,75498004,10509002', 0.631578947368421, 0.23230710270822685, 1.5818269076947689, 0.3677896352095975]
['162864005,239873007,444814009', 0.6428571428571429, -0.013696255201109508, 0.9791391602851862, 0.36791638699779466]
['367498001,72892002,444814009', 0.6428571428571429, -0.013696255201109508, 0.9791391602851862, 0.36791638699779466]
['19169002,15777000,271737000', 0.6296296296296297, 0.31530924128011506, 2.003146003146003, 0.36794668967831634]
['55822004,195662009,444814009', 0.631578947368421, -0.024974450689831396, 0.9619612802801829, 0.37255421287866247]
['195662009,59621000,72892002', 0.6153846153846154, 0.41150112023898433, 3.0183150183150187, 0.3752166377816291]
['232353008,10509002,72892002', 0.6153846153846154, 0.41150112023898433, 3.0183150183150187, 0.3752166377816291]
['82423001,271737000,72892002', 0.6153846153846154, 0.41150112023898433, 3.0183150183150187, 0.3752166377816291]
['68496003,713197008,444814009', 0.631578947368421, -0.024974450689831396, 0.9619612802801829, 0.3770018557976494]
['195662009,75498004,444814009', 0.631578947368421, -0.024974450689831396, 0.9619612802801829, 0.3770018557976494]
['10509002,283385000,444814009', 0.6363636363636364, -0.02018976169461606, 0.969248865736851, 0.3786602991077038]
['43878008,68496003,444814009', 0.6363636363636364, -0.02018976169461606, 0.969248865736851, 0.3786602991077038]
['444814009,263102004,444814009', 0.6363636363636364, -0.02018976169461606, 0.969248865736851, 0.3786602991077038]
['162864005,36971009,444814009', 0.6363636363636364, -0.02018976169461606, 0.969248865736851, 0.3786602991077038]
['284549007,195662009,444814009', 0.6363636363636364, -0.02018976169461606, 0.969248865736851, 0.3786602991077038]
['15777000,39848009,444814009', 0.6363636363636364, -0.02018976169461606, 0.969248865736851, 0.3786602991077038]
['72892002,59621000,444814009', 0.6363636363636364, -0.02018976169461606, 0.969248865736851, 0.3786602991077038]
['44054006,43878008,444814009', 0.6363636363636364, -0.02018976169461606, 0.969248865736851, 0.3786602991077038]
['72892002,195662009,72892002', 0.62, 0.4161165048543689, 3.040952380952381, 0.3792335407795611]
['82423001,55680006,72892002', 0.6153846153846154, 0.41150112023898433, 3.0183150183150187, 0.38026474127557164]
['75498004,195662009,444814009', 0.625, -0.03155339805825241, 0.9519408502772644, 0.3820772403449568]
['72892002,271737000,444814009', 0.6190476190476191, -0.037505779010633344, 0.9428747469412905, 0.3850929822990357]
['38822007,72892002,444814009', 0.625, -0.03155339805825241, 0.9519408502772644, 0.38594021694129343]
['72892002,19169002,156073000', 0.6111111111111112, 0.5722761596548005, 15.736111111111114, 0.3860548932630995]
['237602007,271737000,195662009', 0.6153846153846154, 0.15300597460791637, 1.330910559257016, 0.3893065113816834]
['15777000,127013003,195662009', 0.6153846153846154, 0.15300597460791637, 1.330910559257016, 0.3893065113816834]
['15777000,55680006,195662009', 0.6153846153846154, 0.15300597460791637, 1.330910559257016, 0.3893065113816834]
['15777000,431855005,195662009', 0.6153846153846154, 0.15300597460791637, 1.330910559257016, 0.3893065113816834]
['195662009,65363002,43878008', 0.6, 0.45679611650485435, 4.189830508474576, 0.39132040627885517]
['49436004,444814009,444814009', 0.6153846153846154, -0.041168782673636994, 0.937295606426845, 0.39164246689964066]
['271737000,43878008,444814009', 0.6153846153846154, -0.041168782673636994, 0.937295606426845, 0.39164246689964066]
['15777000,19169002,10509002', 0.6086956521739131, 0.20942380751371892, 1.5245143385753932, 0.39250269381273756]
['75498004,40055000,195662009', 0.6086956521739131, 0.14631701139721404, 1.3164441401346572, 0.3942889454339836]
['40055000,10509002,444814009', 0.6046511627906976, -0.051902235267554775, 0.9209474272449812, 0.39756583568674114]
['162864005,230690007,444814009', 0.6153846153846154, -0.041168782673636994, 0.937295606426845, 0.39947943779281625]
['444814009,36971009,444814009', 0.6153846153846154, -0.041168782673636994, 0.937295606426845, 0.39947943779281625]
['403190006,72892002,444814009', 0.6153846153846154, -0.041168782673636994, 0.937295606426845, 0.39947943779281625]
['15777000,64859006,443165006', 0.5882352941176471, 0.5736721873215306, 40.3921568627451, 0.4005819592628516]
['26929004,444814009,233604007', 0.5833333333333334, 0.5699838187702265, 43.6969696969697, 0.4007999030420554]
['44054006,271737000,237602007', 0.5945945945945946, 0.5290606140120704, 9.073073073073074, 0.4011213400706029]
['195662009,72892002,72892002', 0.5959595959595959, 0.3920761008139648, 2.923039923039923, 0.40331602077507]
['15777000,36971009,195662009', 0.6, 0.13762135922330093, 1.2976377952755904, 0.40575137474082756]
['302870006,271737000,195662009', 0.6, 0.13762135922330093, 1.2976377952755904, 0.40575137474082756]
['80394007,302870006,195662009', 0.6, 0.13762135922330093, 1.2976377952755904, 0.40575137474082756]
['80394007,237602007,195662009', 0.6, 0.13762135922330093, 1.2976377952755904, 0.40575137474082756]
['271737000,36971009,195662009', 0.6, 0.13762135922330093, 1.2976377952755904, 0.40575137474082756]
['55822004,444814009,444814009', 0.5952380952380952, -0.06131530282015718, 0.9066103335973946, 0.40718554082426694]
['36971009,195662009,444814009', 0.6, -0.056553398058252435, 0.9138632162661737, 0.4103948481103234]
['19169002,15777000,195662009', 0.5925925925925926, 0.1302139518158935, 1.2816175755808301, 0.4108955721843573]
['65363002,10509002,444814009', 0.5945945945945946, -0.061958803463657786, 0.9056302143178299, 0.41104795616214557]
['59621000,19169002,195662009', 0.5897435897435898, 0.1273649489668907, 1.275455952621307, 0.4127441770060579]
['15777000,230690007,444814009', 0.6, -0.056553398058252435, 0.9138632162661737, 0.41420065760241703]
['156073000,72892002,72892002', 0.5833333333333334, 0.3794498381877023, 2.8611111111111116, 0.41451683428071706]
['19169002,156073000,195662009', 0.5882352941176471, 0.12585665334094803, 1.2721939169368535, 0.41470709185390103]
['15777000,239873007,10509002', 0.5882352941176471, 0.18896344945745291, 1.4732701591274808, 0.41555678146426045]
['19169002,72892002,444814009', 0.5858585858585859, -0.07069481219966656, 0.8923243525831326, 0.4163218133691236]
['40055000,162864005,195662009', 0.5849056603773585, 0.12252701960065943, 1.2649928192938147, 0.4170498761938451]
['40055000,59621000,195662009', 0.5862068965517241, 0.12382825577502504, 1.267807041361209, 0.4173847717530602]
['59621000,40055000,195662009', 0.5862068965517241, 0.12382825577502504, 1.267807041361209, 0.4173847717530602]
['19169002,43878008,72892002', 0.5789473684210527, 0.37506387327542157, 2.8395989974937343, 0.4187358916478556]
['19169002,271737000,195662009', 0.5833333333333334, 0.12095469255663432, 1.2615923009623797, 0.42125452482576037]
['271737000,80394007,15777000', 0.5789473684210527, 0.28161727133367404, 1.947153598281418, 0.4218760962604364]
['19169002,35999006,10509002', 0.5833333333333334, 0.1840614886731392, 1.4609929078014185, 0.42303652701598776]
['59621000,162864005,195662009', 0.5769230769230769, 0.11454443614637783, 1.2477286493034523, 0.4253144465020083]
['19169002,72892002,195662009', 0.5757575757575758, 0.11337893498087676, 1.2452079853654656, 0.4254193178846704]
['55680006,72892002,444814009', 0.5833333333333334, -0.07322006472491904, 0.8884781269254468, 0.42621458032031706]
['196416002,15777000,195662009', 0.5833333333333334, 0.12095469255663432, 1.2615923009623797, 0.42651664540076545]
['15777000,26929004,195662009', 0.5833333333333334, 0.12095469255663432, 1.2615923009623797, 0.42651664540076545]
['59621000,431855005,195662009', 0.5833333333333334, 0.12095469255663432, 1.2615923009623797, 0.42651664540076545]
['59621000,127013003,195662009', 0.5833333333333334, 0.12095469255663432, 1.2615923009623797, 0.42651664540076545]
['44054006,127013003,195662009', 0.5789473684210527, 0.11656872764435361, 1.2521066445641664, 0.42734032941830563]
['302870006,127013003,195662009', 0.5789473684210527, 0.11656872764435361, 1.2521066445641664, 0.42734032941830563]
['237602007,127013003,195662009', 0.5789473684210527, 0.11656872764435361, 1.2521066445641664, 0.42734032941830563]
['1.24171E+14,55680006,72892002', 0.5714285714285714, 0.3675450762829403, 2.802721088435374, 0.42756576509818456]
['44054006,271737000,302870006', 0.5675675675675675, 0.5008199947520335, 8.503194103194103, 0.42965911057276357]
['19169002,444814009,444814009', 0.5714285714285714, -0.08512482662968102, 0.8703459202534988, 0.43024690817746586]
['40055000,15777000,195662009', 0.5714285714285714, 0.10904993065187235, 1.2358455193100861, 0.4311283847707689]
['162864005,68496003,444814009', 0.5757575757575758, -0.08079582230067661, 0.876939449952389, 0.43139735480161]
['444814009,162864005,444814009', 0.5757575757575758, -0.08079582230067661, 0.876939449952389, 0.43139735480161]
['15777000,263102004,10509002', 0.5714285714285714, 0.17215672676837723, 1.4311767260095527, 0.4354507193892533]
['1.24171E+14,196416002,72892002', 0.5625, 0.3586165048543689, 2.7589285714285716, 0.43677375256322626]
['271737000,49436004,444814009', 0.5833333333333334, -0.07322006472491904, 0.8884781269254468, 0.43696617697300977]
['10509002,19169002,444814009', 0.5833333333333334, -0.07322006472491904, 0.8884781269254468, 0.43696617697300977]
['195662009,19169002,444814009', 0.5833333333333334, -0.07322006472491904, 0.8884781269254468, 0.43696617697300977]
['192127007,444814009,195662009', 0.5714285714285714, 0.10904993065187235, 1.2358455193100861, 0.438309475119291]
['271737000,15777000,195662009', 0.5714285714285714, 0.10904993065187235, 1.2358455193100861, 0.438309475119291]
['19169002,40055000,195662009', 0.5714285714285714, 0.10904993065187235, 1.2358455193100861, 0.438309475119291]
['239872002,444814009,195662009', 0.5714285714285714, 0.10904993065187235, 1.2358455193100861, 0.438309475119291]
['1.24171E+14,15777000,195662009', 0.5714285714285714, 0.10904993065187235, 1.2358455193100861, 0.438309475119291]
['271737000,64859006,195662009', 0.5714285714285714, 0.10904993065187235, 1.2358455193100861, 0.438309475119291]
