['44054006,271737000,80394007', 0.3783783783783784, 0.34197061138808715, 10.392792792792793, 0.6289573952199515]
['40055000,162864005,15777000', 0.37735849056603776, 0.08002839347865914, 1.2691567192914903, 0.6296103527407793]
['44054006,237602007,15777000', 0.37735849056603776, 0.08002839347865914, 1.2691567192914903, 0.6296103527407793]
['40055000,44465007,72892002', 0.3888888888888889, 0.18500539374325783, 1.9074074074074074, 0.6297183942480528]
['444814009,75498004,195662009', 0.38235294117647056, -0.08002569960022848, 0.8269260460089547, 0.6303413211708849]
['82423001,55680006,10509002', 0.38461538461538464, -0.014656460044809527, 0.9632920271218144, 0.6311365332006964]
['196416002,55680006,10509002', 0.38461538461538464, -0.014656460044809527, 0.9632920271218144, 0.6311365332006964]
['19169002,156073000,444814009', 0.38235294117647056, -0.27420045688178185, 0.5823638142872676, 0.6325392991192538]
['44054006,431855005,10509002', 0.3888888888888889, -0.010382955771305269, 0.9739952718676124, 0.6341300969436838]
['302870006,431855005,10509002', 0.3888888888888889, -0.010382955771305269, 0.9739952718676124, 0.6341300969436838]
['237602007,431855005,10509002', 0.3888888888888889, -0.010382955771305269, 0.9739952718676124, 0.6341300969436838]
['431855005,127013003,10509002', 0.3888888888888889, -0.010382955771305269, 0.9739952718676124, 0.6341300969436838]
['64859006,444814009,10509002', 0.3888888888888889, -0.010382955771305269, 0.9739952718676124, 0.6341300969436838]
['62106007,444814009,72892002', 0.38095238095238093, 0.17706888580674987, 1.8684807256235827, 0.635490394337715]
['44054006,302870006,15777000', 0.37037037037037035, 0.07304027328299173, 1.2456538170823885, 0.6366927343187989]
['302870006,237602007,15777000', 0.37037037037037035, 0.07304027328299173, 1.2456538170823885, 0.6366927343187989]
['162864005,19169002,156073000', 0.375, 0.33616504854368934, 9.65625, 0.6370044052863437]
['59621000,15777000,10509002', 0.3670886075949367, -0.03218323706525744, 0.9193951752529722, 0.6382394907254967]
['59621000,68496003,10509002', 0.38095238095238093, -0.018319463707813233, 0.9541178173397018, 0.6391617141069754]
['271737000,72892002,10509002', 0.36585365853658536, -0.033418186123608806, 0.9163021721402624, 0.6393002158523148]
['64859006,444814009,444814009', 0.3888888888888889, -0.2676645091693635, 0.5923187512836312, 0.6397814207650273]
['36971009,40055000,444814009', 0.3888888888888889, -0.2676645091693635, 0.5923187512836312, 0.6397814207650273]
['74400008,72892002,444814009', 0.3888888888888889, -0.2676645091693635, 0.5923187512836312, 0.6397814207650273]
['428251008,72892002,444814009', 0.3888888888888889, -0.2676645091693635, 0.5923187512836312, 0.6397814207650273]
['444814009,72892002,444814009', 0.359504132231405, -0.29704926582684743, 0.5475626709032859, 0.6426442630143065]
['302870006,195662009,10509002', 0.375, -0.024271844660194164, 0.939209726443769, 0.6428455328601614]
['237602007,195662009,10509002', 0.375, -0.024271844660194164, 0.939209726443769, 0.6428455328601614]
['44465007,195662009,195662009', 0.3684210526315789, -0.09395758814512012, 0.7967951374499239, 0.6434681311366285]
['271737000,302870006,3.68581E+14', 0.36363636363636365, 0.3442188879082083, 18.72727272727273, 0.6453834115805946]
['15777000,43878008,10509002', 0.37037037037037035, -0.028901474289823814, 0.9276145446358212, 0.6456591332600699]
['40055000,55822004,10509002', 0.37037037037037035, -0.028901474289823814, 0.9276145446358212, 0.6456591332600699]
['44465007,444814009,195662009', 0.36065573770491804, -0.101722903071781, 0.7800008605481692, 0.6468355205420739]
['302870006,195662009,444814009', 0.375, -0.2815533980582524, 0.5711645101663586, 0.6469012801971182]
['237602007,195662009,444814009', 0.375, -0.2815533980582524, 0.5711645101663586, 0.6469012801971182]
['44054006,237602007,127013003', 0.3584905660377358, 0.33543231361055137, 15.547169811320753, 0.6472183240967582]
['10509002,444814009,444814009', 0.3547008547008547, -0.3018525433573977, 0.5402467731488064, 0.6475491500138231]
['59621000,271737000,10509002', 0.3563218390804598, -0.042950005579734385, 0.8924291653565315, 0.6487089485426821]
['59621000,19169002,156073000', 0.358974358974359, 0.3201394075180483, 9.243589743589745, 0.6490170380078636]
['72892002,43878008,10509002', 0.3584905660377358, -0.04078127862245834, 0.8978608705625968, 0.6498004863882133]
['195662009,162864005,72892002', 0.3684210526315789, 0.16453755748594787, 1.8070175438596492, 0.6512415349887133]
['72892002,43878008,444814009', 0.3584905660377358, -0.2980628320205166, 0.546018902800544, 0.6515446963467639]
['19169002,444814009,10509002', 0.35, -0.049271844660194186, 0.876595744680851, 0.6531773660350225]
['44054006,302870006,127013003', 0.35185185185185186, 0.3287935994246674, 15.25925925925926, 0.6539995800965778]
['302870006,237602007,127013003', 0.35185185185185186, 0.3287935994246674, 15.25925925925926, 0.6539995800965778]
['162864005,72892002,156073000', 0.35185185185185186, 0.3130169003955412, 9.060185185185187, 0.6541044776119402]
['162864005,195662009,195662009', 0.34868421052631576, -0.11369443025038328, 0.7541096836579637, 0.6543986578588656]
['271737000,80394007,10509002', 0.3684210526315789, -0.030850792028615237, 0.9227323628219485, 0.6551579828415987]
['44054006,127013003,10509002', 0.3684210526315789, -0.030850792028615237, 0.9227323628219485, 0.6551579828415987]
['302870006,127013003,10509002', 0.3684210526315789, -0.030850792028615237, 0.9227323628219485, 0.6551579828415987]
['398254007,72892002,10509002', 0.3684210526315789, -0.030850792028615237, 0.9227323628219485, 0.6551579828415987]
['237602007,127013003,10509002', 0.3684210526315789, -0.030850792028615237, 0.9227323628219485, 0.6551579828415987]
['70704007,444814009,10509002', 0.3684210526315789, -0.030850792028615237, 0.9227323628219485, 0.6551579828415987]
['40055000,19169002,162864005', 0.36363636363636365, 0.05902471315092678, 1.1937703730532416, 0.6552507321738091]
['19169002,43878008,195662009', 0.3684210526315789, -0.09395758814512012, 0.7967951374499239, 0.6564041976509835]
['75498004,10509002,195662009', 0.3684210526315789, -0.09395758814512012, 0.7967951374499239, 0.6564041976509835]
['55680006,444814009,10509002', 0.35185185185185186, -0.047419992808342304, 0.8812338174040302, 0.6564837760844894]
['1.24171E+14,195662009,10509002', 0.36363636363636365, -0.03563548102383052, 0.9107488256424427, 0.6568504967576894]
['55680006,195662009,10509002', 0.36363636363636365, -0.03563548102383052, 0.9107488256424427, 0.6568504967576894]
['44054006,271737000,3.68581E+14', 0.35135135135135137, 0.33193387562319604, 18.094594594594597, 0.65733296368173]
['40055000,19169002,195662009', 0.36363636363636365, -0.0987422771403354, 0.786447148651873, 0.6579087835834174]
['444814009,75498004,40055000', 0.35294117647058826, 0.12964020559680184, 1.5805626598465474, 0.6586321181078637]
['74400008,428251008,271737000', 0.35135135135135137, 0.03703096300183678, 1.1178127934884692, 0.6601945084023505]
['72892002,198992004,444814009', 0.3466666666666667, -0.30988673139158573, 0.5280098582871227, 0.6605868881090076]
['72892002,10509002,195662009', 0.34146341463414637, -0.12091522614255268, 0.7384930542218808, 0.6624469201178997]
['444814009,444814009,444814009', 0.33805668016194335, -0.31849671789630907, 0.5148959416884313, 0.6630512699871165]
['162864005,10509002,195662009', 0.3392857142857143, -0.12309292649098474, 0.7337832770903637, 0.6650443304292416]
['44054006,237602007,431855005', 0.33962264150943394, 0.3177779813152592, 15.547169811320753, 0.6668093810950954]
['59621000,44054006,422034002', 0.34782608695652173, 0.3320493879273955, 22.046822742474916, 0.666916902465785]
['59621000,44054006,3.68581E+14', 0.34782608695652173, 0.3284086112283664, 17.91304347826087, 0.6669745958429562]
['44054006,15777000,3.68581E+14', 0.35, 0.33058252427184465, 18.025000000000002, 0.6670258620689655]
['302870006,15777000,3.68581E+14', 0.35, 0.33058252427184465, 18.025000000000002, 0.6670258620689655]
['237602007,15777000,3.68581E+14', 0.35, 0.33058252427184465, 18.025000000000002, 0.6670258620689655]
['80394007,15777000,3.68581E+14', 0.35, 0.33058252427184465, 18.025000000000002, 0.6670258620689655]
['44054006,15777000,431855005', 0.35, 0.32815533980582523, 16.022222222222222, 0.6670707070707071]
['80394007,15777000,431855005', 0.35, 0.32815533980582523, 16.022222222222222, 0.6670707070707071]
['302870006,15777000,431855005', 0.35, 0.32815533980582523, 16.022222222222222, 0.6670707070707071]
['237602007,15777000,431855005', 0.35, 0.32815533980582523, 16.022222222222222, 0.6670707070707071]
['237602007,15777000,127013003', 0.35, 0.3269417475728155, 15.178947368421051, 0.6670931250420848]
['44054006,15777000,127013003', 0.35, 0.3269417475728155, 15.178947368421051, 0.6670931250420848]
['80394007,15777000,127013003', 0.35, 0.3269417475728155, 15.178947368421051, 0.6670931250420848]
['302870006,15777000,127013003', 0.35, 0.3269417475728155, 15.178947368421051, 0.6670931250420848]
['444814009,65363002,65363002', 0.34210526315789475, 0.2231732243229433, 2.8764769065520945, 0.6677642631543579]
['15777000,10509002,195662009', 0.33653846153846156, -0.12584017923823748, 0.7278417120936806, 0.6681708891494628]
['72892002,162864005,72892002', 0.34615384615384615, 0.14227035100821508, 1.6978021978021978, 0.6694745286803049]
['65363002,444814009,444814009', 0.33766233766233766, -0.31889106039591475, 0.5142953165134311, 0.6695593590093198]
['162864005,55822004,10509002', 0.3409090909090909, -0.05836275375110328, 0.8538270240397899, 0.6698056501703065]
['75498004,40055000,72892002', 0.34782608695652173, 0.14394259181089067, 1.7060041407867494, 0.6698717948717948]
['40055000,59621000,162864005', 0.3448275862068966, 0.040215935721459706, 1.1320236296194535, 0.6703853504600205]
['195662009,15777000,72892002', 0.35, 0.14611650485436892, 1.7166666666666666, 0.6704]
['59621000,40055000,271737000', 0.3448275862068966, 0.030507197857381985, 1.0970576487817867, 0.6705025103301194]
['444814009,10509002,444814009', 0.33189655172413796, -0.32465684633411446, 0.5055134170437887, 0.6705057849848206]
['72892002,162864005,10509002', 0.34615384615384615, -0.05311799850634802, 0.8669628244096329, 0.6721213628450634]
['68496003,195662009,195662009', 0.34615384615384615, -0.1162247946228529, 0.7486371895820714, 0.6729672074217393]
['44054006,302870006,431855005', 0.3333333333333333, 0.31148867313915857, 15.259259259259258, 0.673214202398171]
['302870006,237602007,431855005', 0.3333333333333333, 0.31148867313915857, 15.259259259259258, 0.673214202398171]
['15777000,444814009,195662009', 0.3283018867924528, -0.13407675398424623, 0.7100282276036249, 0.6735776832970203]
['444814009,39848009,195662009', 0.34782608695652173, -0.11455255382017732, 0.7522537943626612, 0.673847893695222]
['59621000,44054006,195662009', 0.34782608695652173, -0.11455255382017732, 0.7522537943626612, 0.673847893695222]
['302870006,15777000,10509002', 0.35, -0.049271844660194186, 0.876595744680851, 0.6739001385132907]
['44054006,15777000,10509002', 0.35, -0.049271844660194186, 0.876595744680851, 0.6739001385132907]
['80394007,15777000,10509002', 0.35, -0.049271844660194186, 0.876595744680851, 0.6739001385132907]
['237602007,15777000,10509002', 0.35, -0.049271844660194186, 0.876595744680851, 0.6739001385132907]
['15777000,75498004,10509002', 0.35, -0.049271844660194186, 0.876595744680851, 0.6739001385132907]
['40055000,195662009,10509002', 0.330188679245283, -0.06908316541491116, 0.8269771176234444, 0.6743272304562626]
['55680006,444814009,72892002', 0.3333333333333333, 0.12944983818770225, 1.6349206349206349, 0.6743537288450808]
['195662009,195662009,195662009', 0.32642487046632124, -0.1359537703103778, 0.7059687487250622, 0.6761765917662346]
['444814009,39848009,444814009', 0.34782608695652173, -0.3087273111017307, 0.529775777545608, 0.6767722050994677]
['40055000,72892002,19169002', 0.328125, 0.1642900485436893, 2.0027777777777778, 0.6782695273607559]
['195662009,43878008,444814009', 0.3333333333333333, -0.3232200647249191, 0.5077017868145409, 0.6785017557549747]
['59621000,302870006,422034002', 0.3333333333333333, 0.3175566343042071, 21.128205128205128, 0.6787524366471736]
['59621000,237602007,422034002', 0.3333333333333333, 0.3175566343042071, 21.128205128205128, 0.6787524366471736]
['59621000,10509002,72892002', 0.3258426966292135, 0.12195920148358244, 1.5981808453718567, 0.678913382320196]
['444814009,15777000,195662009', 0.3333333333333333, -0.12904530744336573, 0.7209098862642169, 0.6796786420033043]
['74400008,444814009,195662009', 0.3333333333333333, -0.12904530744336573, 0.7209098862642169, 0.6796786420033043]
['428251008,444814009,195662009', 0.3333333333333333, -0.12904530744336573, 0.7209098862642169, 0.6796786420033043]
['40055000,10509002,195662009', 0.32558139534883723, -0.1367972454278618, 0.7041445400720259, 0.6803310487521015]
['44054006,80394007,10509002', 0.3333333333333333, -0.06593851132686085, 0.8348530901722391, 0.6830904662193923]
['59621000,302870006,195662009', 0.3333333333333333, -0.12904530744336573, 0.7209098862642169, 0.683793118151196]
['59621000,237602007,195662009', 0.3333333333333333, -0.12904530744336573, 0.7209098862642169, 0.683793118151196]
['19169002,55822004,68496003', 0.3333333333333333, 0.2520226537216828, 4.099502487562188, 0.685556191566495]
['44054006,271737000,127013003', 0.32432432432432434, 0.3012660718971399, 14.065433854907539, 0.6859212030908902]
['271737000,444814009,195662009', 0.31451612903225806, -0.14786251174444098, 0.6802133604267209, 0.687579092498215]
['271737000,237602007,3.68581E+14', 0.3235294117647059, 0.30411193603655057, 16.661764705882355, 0.687689508793208]
['75498004,195662009,195662009', 0.3333333333333333, -0.12904530744336573, 0.7209098862642169, 0.6883678210600248]
['74400008,428251008,10509002', 0.32432432432432434, -0.07494752033586982, 0.812289493140557, 0.6892591449826871]
['44054006,271737000,10509002', 0.32432432432432434, -0.07494752033586982, 0.812289493140557, 0.6892591449826871]
