['40055000,444814009,88805009', 0.03888888888888889, 0.0012675296655879215, 1.0336917562724015, 0.9662992576838919]
['40055000,444814009,156073000', 0.03888888888888889, 5.393743257821326e-05, 1.0013888888888889, 0.9662994874032064]
['40055000,444814009,70704007', 0.03888888888888889, -0.007227615965480043, 0.8432748538011696, 0.9663008656533296]
['40055000,444814009,44465007', 0.03888888888888889, -0.05819848975188781, 0.40055555555555555, 0.9663105102485826]
['40055000,444814009,43878008', 0.03888888888888889, -0.10431499460625673, 0.2715630885122411, 0.9663192315552829]
['40055000,444814009,19169002', 0.03888888888888889, -0.1249460625674218, 0.23736625514403292, 0.9663231317307758]
['59621000,444814009,15777000', 0.037914691943127965, -0.25941540514425065, 0.12751716800464263, 0.9665547573074492]
['271737000,444814009,233604007', 0.036290322580645164, 0.022940808017538367, 2.7184750733137832, 0.9674814394593394]
['162864005,444814009,254837009', 0.036290322580645164, 0.019300031318509242, 2.1359447004608296, 0.967481920697718]
['271737000,444814009,156073000', 0.036290322580645164, -0.0025446288756655125, 0.9344758064516131, 0.9674848078289008]
['444814009,444814009,162864005', 0.03441295546558704, -0.27019869501984983, 0.1129732083810507, 0.9674997966272164]
['195662009,195662009,16114001', 0.03626943005181347, 0.01806554655666784, 1.9924006908462866, 0.9685893811269448]
['195662009,195662009,62106007', 0.03626943005181347, -0.017128628200613713, 0.6792275082430522, 0.968595167314582]
['72892002,72892002,35999006', 0.032719836400818, 0.018156729604701494, 2.2467620995228357, 0.9692000996760527]
['72892002,72892002,237602007', 0.032719836400818, -0.03281414418170627, 0.49928046656063024, 0.9692033228518321]
['444814009,444814009,44465007', 0.032388663967611336, -0.06469871467316536, 0.33360323886639676, 0.9695182101566507]
['444814009,10509002,39848009', 0.034482758620689655, -0.009206561767659861, 0.789272030651341, 0.9695709974888688]
['15777000,444814009,233604007', 0.033962264150943396, 0.0206127495878366, 2.5440823327615782, 0.9695832929592152]
['15777000,444814009,92691004', 0.033962264150943396, 0.008476827257739513, 1.3326145552560646, 0.9695846963775705]
['15777000,444814009,126906006', 0.033962264150943396, 0.008476827257739513, 1.3326145552560646, 0.9695846963775705]
['15777000,444814009,64859006', 0.033962264150943396, -0.0024455028393478642, 0.9328301886792453, 0.9695859593433668]
['444814009,10509002,59621000', 0.034482758620689655, -0.2118764646802812, 0.13996942415491762, 0.9695977820295906]
['15777000,444814009,271737000', 0.033962264150943396, -0.2803581241985712, 0.10804982880454578, 0.9696180595563463]
['15777000,271737000,233604007', 0.034653465346534656, 0.02130395078342786, 2.5958595859585962, 0.9700020022935362]
['15777000,271737000,443165006', 0.034653465346534656, 0.02009035855041815, 2.3795379537953796, 0.9700021843069679]
['15777000,271737000,38822007', 0.034653465346534656, 0.015235989618379318, 1.784653465346535, 0.9700029123386079]
['15777000,271737000,39848009', 0.034653465346534656, -0.00903585504181486, 0.7931793179317932, 0.9700065519668034]
['15777000,271737000,55680006', 0.034653465346534656, -0.0151038162068634, 0.6964501328181599, 0.9700074617358545]
['72892002,444814009,162864005', 0.03375527426160337, -0.2708563762238335, 0.11081412745641905, 0.9702513267763846]
['195662009,444814009,68496003', 0.03225806451612903, -0.04905261509552146, 0.3967260471834376, 0.9707869329036987]
['195662009,444814009,15777000', 0.03225806451612903, -0.26507203257124956, 0.10849242922975642, 0.970807402071352]
['444814009,72892002,59621000', 0.03305785123966942, -0.21330137206130145, 0.1341855636526483, 0.9708632421210025]
['59621000,444814009,126906006', 0.03317535545023697, 0.007689918557033087, 1.3017377567140602, 0.9712953662685717]
['59621000,444814009,92691004', 0.03317535545023697, 0.007689918557033087, 1.3017377567140602, 0.9712953662685717]
['59621000,444814009,62106007', 0.03317535545023697, -0.020222702802190212, 0.6212839293408015, 0.9712991988854058]
['271737000,444814009,65966004', 0.03225806451612903, -0.0029361102411525203, 0.9165739710789766, 0.9715487858414763]
['271737000,444814009,88805009', 0.03225806451612903, -0.005363294707171937, 0.8574401664932363, 0.9715490665154018]
['444814009,195662009,70704007', 0.030303030303030304, -0.01581347455133863, 0.6570972886762361, 0.9728855946495116]
['444814009,195662009,44465007', 0.030303030303030304, -0.0667843483377464, 0.31212121212121213, 0.972890278006251]
['444814009,195662009,15777000', 0.030303030303030304, -0.2670270667843483, 0.10191713048855908, 0.9729086612555226]
['444814009,195662009,162864005', 0.030303030303030304, -0.27430862018240654, 0.09948086442110347, 0.9729093292675409]
['72892002,72892002,284551006', 0.028629856850715747, 0.00557160442353128, 1.2416316865784092, 0.9733072186630186]
['15777000,444814009,88805009', 0.03018867924528302, -0.007432679978017949, 0.8024345709068778, 0.973387837208122]
['15777000,444814009,156073000', 0.03018867924528302, -0.008646272211027657, 0.7773584905660378, 0.9733879599896652]
['15777000,444814009,62106007', 0.03018867924528302, -0.023209379007144162, 0.5653516295025729, 0.973389433279817]
['444814009,444814009,15777000', 0.02834008097165992, -0.2689900161157187, 0.0953152111046848, 0.973593194183206]
['444814009,10509002,53741008', 0.03017241379310345, -0.019584867760294607, 0.6063919259882254, 0.9739186858056246]
['444814009,10509002,55822004', 0.03017241379310345, -0.07055574154670237, 0.2995429995845451, 0.9739244632205185]
['444814009,10509002,15777000', 0.03017241379310345, -0.2671576832942752, 0.10147783251231528, 0.9739467235791637]
['10509002,444814009,88805009', 0.029914529914529916, -0.007706829308771052, 0.7951475048249242, 0.9741421241742896]
['10509002,444814009,162864005', 0.029914529914529916, -0.27469712057090695, 0.09820546872339703, 0.9741718429205042]
['72892002,444814009,239873007', 0.029535864978902954, -0.012939863176436854, 0.6953586497890295, 0.9744726991093327]
['162864005,444814009,126906006', 0.028225806451612902, 0.00274036955840902, 1.10752688172043, 0.9756122826489085]
['162864005,444814009,92691004', 0.028225806451612902, 0.00274036955840902, 1.10752688172043, 0.9756122826489085]
['271737000,444814009,283371005', 0.028225806451612902, -0.0033275916066395246, 0.8945409429280397, 0.9756128841316036]
['162864005,444814009,65966004', 0.028225806451612902, -0.006968368305668649, 0.8020022246941045, 0.9756132450069797]
['271737000,444814009,230690007', 0.028225806451612902, -0.009395552771688066, 0.7502601456815817, 0.9756134855846301]
['162864005,444814009,39848009', 0.028225806451612902, -0.015463513936736614, 0.6460573476702508, 0.9756140870079905]
['271737000,444814009,53741008', 0.028225806451612902, -0.021531475101785155, 0.5672698662470496, 0.975614688401687]
['271737000,444814009,62106007', 0.028225806451612902, -0.02517225180081428, 0.5285923753665689, 0.9756150492236668]
['444814009,195662009,75498004', 0.026936026936026935, -0.03981154587950704, 0.4035506580961126, 0.9762765541777202]
['15777000,444814009,38822007', 0.026415094339622643, 0.0069976186114673045, 1.3603773584905663, 0.9771879960134362]
['15777000,444814009,53741008', 0.026415094339622643, -0.023342187213775414, 0.5308789691670502, 0.9771906271193477]
['195662009,444814009,75498004', 0.025806451612903226, -0.040941121202630756, 0.3866275659824047, 0.9772776514987375]
['72892002,72892002,301011002', 0.024539877300613498, 0.007549586038477576, 1.444347063978966, 0.9774135189956691]
['72892002,72892002,283385000', 0.024539877300613498, -0.003372744058609805, 0.879167778074153, 0.9774140255313211]
['444814009,444814009,22298006', 0.024291497975708502, -0.0011939389174953803, 0.9531521110468479, 0.9776434344854463]
['444814009,444814009,399211009', 0.024291497975708502, -0.0011939389174953803, 0.9531521110468479, 0.9776434344854463]
['444814009,444814009,65966004', 0.024291497975708502, -0.01090267678157305, 0.690213597654614, 0.9776438756206266]
['444814009,444814009,68496003', 0.024291497975708502, -0.05701918163594199, 0.2987491691340866, 0.9776459707750169]
['72892002,72892002,302870006', 0.022494887525562373, -0.0442526852899716, 0.3370143149284254, 0.9794689330572603]
['444814009,195662009,62106007', 0.02356902356902357, -0.029829034683403612, 0.4413835322926232, 0.9796646978496569]
['444814009,444814009,443165006', 0.022267206477732792, 0.007704099681616287, 1.5290148448043184, 0.9796753983523259]
['444814009,444814009,254837009', 0.022267206477732792, 0.00527691521559687, 1.3105841526894157, 0.9796754986162567]
['195662009,444814009,44465007', 0.02258064516129032, -0.07450673347948637, 0.23258064516129032, 0.9805256192096805]
['195662009,444814009,162864005', 0.02258064516129032, -0.28203100532414654, 0.07412928929443516, 0.980538727695705]
['72892002,72892002,70704007', 0.02044989775051125, -0.025666607103857684, 0.4434398880637176, 0.9815212570329358]
['72892002,72892002,44054006', 0.02044989775051125, -0.051152043997061566, 0.2856053516342588, 0.9815222239109798]
['444814009,444814009,233604007', 0.020242914979757085, 0.00689340041665029, 1.5163783584836217, 0.9817078133979907]
['444814009,444814009,156073000', 0.020242914979757085, -0.01859203647655359, 0.521255060728745, 0.9817087608524073]
['444814009,444814009,39848009', 0.020242914979757085, -0.02344640540859243, 0.4633378317588844, 0.9817089413087874]
['444814009,444814009,75498004', 0.020242914979757085, -0.0465046578357769, 0.3032756716967243, 0.98170979842797]
['72892002,72892002,36971009', 0.018404907975460124, -0.03499315027696706, 0.3446737311767987, 0.9835746962614493]
['72892002,72892002,39848009', 0.016359918200409, -0.027329402187940516, 0.37446034992047267, 0.9856275727342496]
['444814009,444814009,88805009', 0.016194331983805668, -0.0214270272394953, 0.43045579208567325, 0.9857734455738101]
['444814009,444814009,19169002', 0.016194331983805668, -0.147640619472505, 0.098845404108562, 0.9857770939209899]
['72892002,72892002,62106007', 0.014314928425357873, -0.03908312982706931, 0.26807956869306565, 0.987681022196087]
['72892002,72892002,15777000', 0.014314928425357873, -0.28301516866202076, 0.0481449021326322, 0.9876871888487372]
['444814009,444814009,92691004', 0.01417004048582996, -0.011315396407373923, 0.5560053981106613, 0.9878055097193343]
['444814009,444814009,126906006', 0.01417004048582996, -0.011315396407373923, 0.5560053981106613, 0.9878055097193343]
['444814009,444814009,64859006', 0.01417004048582996, -0.0222377265044613, 0.3892037786774629, 0.9878057804152547]
['444814009,444814009,62106007', 0.01417004048582996, -0.03922801776659722, 0.2653662127346338, 0.9878062014739106]
['444814009,444814009,65363002', 0.01417004048582996, -0.1047619983491215, 0.11914401388085598, 0.9878078252849527]
['444814009,444814009,59621000', 0.01417004048582996, -0.23218918281514092, 0.05751779980455116, 0.9878109814576035]
