['59621000,40055000,10509002', 0.2413793103448276, -0.15789253431536657, 0.6045487894350697, 0.7810160783097844]
['271737000,55822004,10509002', 0.2413793103448276, -0.15789253431536657, 0.6045487894350697, 0.7810160783097844]
['271737000,237602007,422034002', 0.23529411764705882, 0.2195174186179326, 14.914027149321267, 0.7813577953830407]
['55822004,444814009,195662009', 0.2261904761904762, -0.23618816458622285, 0.48918885139357576, 0.7817186419226184]
['271737000,237602007,68496003', 0.23529411764705882, 0.15398343803540832, 2.8937664618086036, 0.7818044259504445]
['10509002,43878008,10509002', 0.23529411764705882, -0.16397772701313534, 0.5893080636509923, 0.7839457616960707]
['15777000,55822004,10509002', 0.23529411764705882, -0.16397772701313534, 0.5893080636509923, 0.7839457616960707]
['43878008,10509002,195662009', 0.23529411764705882, -0.22708452312964023, 0.5088775667747414, 0.7843657706830162]
['10509002,444814009,195662009', 0.21794871794871795, -0.2444299228279811, 0.47136415640352647, 0.7849114325838298]
['40055000,162864005,72892002', 0.22641509433962265, 0.022531599193991586, 1.110512129380054, 0.7851725445582101]
['59621000,19169002,162864005', 0.23076923076923078, -0.07384241971620609, 0.7575850444376342, 0.785549302189401]
['44054006,80394007,3.68581E+14', 0.23333333333333334, 0.213915857605178, 12.016666666666667, 0.7858627858627859]
['59621000,302870006,80394007', 0.23333333333333334, 0.1969255663430421, 6.40888888888889, 0.7859925547571639]
['59621000,237602007,80394007', 0.23333333333333334, 0.1969255663430421, 6.40888888888889, 0.7859925547571639]
['40055000,10509002,72892002', 0.22093023255813954, 0.017046737412508478, 1.0836101882613511, 0.7862331373227257]
['59621000,302870006,68496003', 0.23333333333333334, 0.15202265372168283, 2.869651741293532, 0.7863347594969532]
['59621000,237602007,68496003', 0.23333333333333334, 0.15202265372168283, 2.869651741293532, 0.7863347594969532]
['44054006,80394007,55822004', 0.23333333333333334, 0.1326051779935275, 2.3164658634538156, 0.786482401209242]
['59621000,302870006,55822004', 0.23333333333333334, 0.1326051779935275, 2.3164658634538156, 0.786482401209242]
['59621000,237602007,55822004', 0.23333333333333334, 0.1326051779935275, 2.3164658634538156, 0.786482401209242]
['444814009,444814009,195662009', 0.2145748987854251, -0.24780374199127395, 0.46406749763567, 0.7867857433296614]
['72892002,19169002,10509002', 0.2222222222222222, -0.17704962243797195, 0.5565687267814927, 0.7869296143701839]
['59621000,302870006,15777000', 0.23333333333333334, -0.06399676375404528, 0.7847619047619049, 0.787965861817558]
['59621000,237602007,15777000', 0.23333333333333334, -0.06399676375404528, 0.7847619047619049, 0.787965861817558]
['444814009,70704007,10509002', 0.23333333333333334, -0.16593851132686083, 0.5843971631205674, 0.7887269774795949]
['232353008,444814009,10509002', 0.23333333333333334, -0.16593851132686083, 0.5843971631205674, 0.7887269774795949]
['75498004,444814009,195662009', 0.23333333333333334, -0.2290453074433657, 0.5046369203849519, 0.7891954121007974]
['15777000,72892002,156073000', 0.21794871794871795, 0.1791137664924073, 5.612179487179488, 0.7895812053115423]
['237602007,444814009,195662009', 0.2222222222222222, -0.24015641855447684, 0.48060659084281127, 0.7903259386060283]
['302870006,444814009,195662009', 0.2222222222222222, -0.24015641855447684, 0.48060659084281127, 0.7903259386060283]
['65363002,43878008,444814009', 0.22857142857142856, -0.4279819694868239, 0.34813836810139953, 0.7920167309703242]
['444814009,44465007,195662009', 0.2222222222222222, -0.24015641855447684, 0.48060659084281127, 0.792924357077039]
['10509002,444814009,10509002', 0.2094017094017094, -0.18987013525848476, 0.524458992544099, 0.7934589053614416]
['239873007,444814009,68496003', 0.22580645161290322, 0.14449577200125274, 2.7770823302840633, 0.7936819263030505]
['59621000,10509002,10509002', 0.21348314606741572, -0.18578869859277844, 0.5346811925822206, 0.7940486274074177]
['15777000,10509002,10509002', 0.21153846153846154, -0.18773338312173263, 0.5298106149169979, 0.7949204167012338]
['239873007,444814009,10509002', 0.22580645161290322, -0.17346539304729094, 0.5655456417295813, 0.7959133126934985]
['444814009,72892002,19169002', 0.2066115702479339, 0.0427766187916232, 1.261095806550352, 0.7959726117385482]
['703151001,444814009,195662009', 0.2222222222222222, -0.24015641855447684, 0.48060659084281127, 0.796879952107617]
['128613002,444814009,195662009', 0.2222222222222222, -0.24015641855447684, 0.48060659084281127, 0.796879952107617]
['59621000,271737000,237602007', 0.20689655172413793, 0.14136257114161366, 3.157088122605364, 0.8001540788084572]
['72892002,271737000,198992004', 0.21428571428571427, 0.17180998613037446, 5.044897959183673, 0.8002121533565693]
['271737000,72892002,43878008', 0.2073170731707317, 0.06411318967558607, 1.447705663497313, 0.8003573699990915]
['72892002,271737000,10509002', 0.21428571428571427, -0.1849861303744799, 0.5366912722535823, 0.8019766289164589]
['40055000,271737000,237602007', 0.20689655172413793, 0.14136257114161366, 3.157088122605364, 0.8038010303476342]
['44054006,237602007,422034002', 0.20754716981132076, 0.19177047078219456, 13.155297532656023, 0.8039822061517236]
['195662009,72892002,156073000', 0.20202020202020202, 0.16318525056389133, 5.202020202020202, 0.8042021010505253]
['19169002,10509002,10509002', 0.20588235294117646, -0.1933894917190177, 0.5156445556946183, 0.8042147204503499]
['195662009,72892002,19169002', 0.20202020202020202, 0.038185250563891326, 1.2330714552936775, 0.8044539924809214]
['10509002,72892002,10509002', 0.2018348623853211, -0.19743698227487305, 0.5055073757006219, 0.8044679480660362]
['195662009,72892002,10509002', 0.20202020202020202, -0.19725164263999215, 0.505971569801357, 0.8049266730627858]
['195662009,72892002,195662009', 0.20202020202020202, -0.260358438756497, 0.4369150825843739, 0.8050529828537274]
['59621000,10509002,195662009', 0.20224719101123595, -0.2601314497654631, 0.4374059984075024, 0.8056307150092272]
['10509002,10509002,195662009', 0.20224719101123595, -0.2601314497654631, 0.4374059984075024, 0.8056307150092272]
['271737000,302870006,422034002', 0.21212121212121213, 0.19634451309208592, 13.445221445221446, 0.8065500645615682]
['271737000,302870006,68496003', 0.21212121212121213, 0.13081053250956165, 2.6087743102668477, 0.8069579477568232]
['10509002,195662009,10509002', 0.1984126984126984, -0.20085914624749576, 0.49693636319776135, 0.8070728257158187]
['55822004,195662009,10509002', 0.21052631578947367, -0.1887455288707205, 0.5272756358982562, 0.8076884606408162]
['44054006,302870006,422034002', 0.2037037037037037, 0.18792700467457749, 12.91168091168091, 0.8077506357761135]
['302870006,237602007,422034002', 0.2037037037037037, 0.18792700467457749, 12.91168091168091, 0.8077506357761135]
['40055000,15777000,55822004', 0.20408163265306123, 0.1033534773132554, 2.0260634374231623, 0.8089201515034397]
['444814009,10509002,195662009', 0.1939655172413793, -0.26841312353531976, 0.4194949769209883, 0.8090794677226556]
['40055000,444814009,195662009', 0.19444444444444445, -0.26793419633225457, 0.4205307669874599, 0.80948365555276]
['68496003,444814009,10509002', 0.20408163265306123, -0.19519021200713293, 0.5111345450034117, 0.81012366541209]
['68496003,444814009,195662009', 0.20408163265306123, -0.2582970081236378, 0.44137339975360224, 0.8103761282569231]
['15777000,68496003,713197008', 0.20512820512820512, 0.18449713716704008, 9.942684766214176, 0.8109162432388133]
['444814009,68496003,713197008', 0.20512820512820512, 0.18449713716704008, 9.942684766214176, 0.8109162432388133]
['162864005,55822004,271737000', 0.20454545454545456, -0.10977493380406003, 0.6507546507546508, 0.8109387099549719]
['72892002,195662009,195662009', 0.19333333333333333, -0.26904530744336574, 0.4181277340332458, 0.8114000310627549]
['59621000,19169002,43878008', 0.20512820512820512, 0.0619243216330595, 1.4324206866579747, 0.8115402208717246]
['271737000,72892002,156073000', 0.1951219512195122, 0.15628699976320154, 5.02439024390244, 0.8125909752547306]
['271737000,237602007,80394007', 0.20588235294117646, 0.16947458595088521, 5.654901960784314, 0.81271308432457]
['444814009,68496003,10509002', 0.20512820512820512, -0.19414363953198904, 0.513755747798301, 0.8128305805237368]
['271737000,444814009,10509002', 0.18951612903225806, -0.2097557156279361, 0.47465437788018433, 0.81331113661326]
['444814009,75498004,72892002', 0.20588235294117646, 0.0019988577955454, 1.0098039215686274, 0.8136870666264698]
['1.24171E+14,444814009,271737000', 0.2, -0.11432038834951458, 0.6362934362934363, 0.8137198261786943]
['19169002,195662009,72892002', 0.19480519480519481, -0.009078300340436246, 0.9554730983302413, 0.8138394009811516]
['10509002,72892002,195662009', 0.1926605504587156, -0.26971809031798344, 0.4166726865563823, 0.8138883555997244]
['271737000,237602007,15777000', 0.20588235294117646, -0.09144774414620216, 0.692436974789916, 0.8142261300867998]
['59621000,72892002,19169002', 0.19130434782608696, 0.027469396369776272, 1.1676650563607085, 0.8144283462202537]
['195662009,444814009,10509002', 0.1870967741935484, -0.21217507046664577, 0.46859496029022457, 0.815174660889891]
['15777000,72892002,19169002', 0.19230769230769232, 0.028472740851381628, 1.1737891737891737, 0.8161857263500055]
['444814009,72892002,195662009', 0.1859504132231405, -0.27642822755355856, 0.4021604737424351, 0.8170191934026778]
['40055000,195662009,72892002', 0.18867924528301888, -0.01520424986261218, 0.9254267744833784, 0.8176651448802756]
['65363002,65363002,10509002', 0.19607843137254902, -0.20319341328764515, 0.4910900530424936, 0.8178110797199363]
['55822004,444814009,10509002', 0.19047619047619047, -0.2087956541840037, 0.4770589086698509, 0.8179595563868802]
['65363002,43878008,43878008', 0.2, 0.05679611650485439, 1.3966101694915256, 0.8189674112046869]
['19169002,444814009,72892002', 0.18571428571428572, -0.01816920943134534, 0.9108843537414967, 0.8191078328064629]
['43878008,444814009,10509002', 0.189873417721519, -0.20939842693867516, 0.4755492285791236, 0.8191197453627483]
['19169002,162864005,72892002', 0.2, -0.0038834951456310496, 0.980952380952381, 0.8192982456140351]
['444814009,72892002,156073000', 0.18181818181818182, 0.14298323036187116, 4.6818181818181825, 0.8208623200129429]
['40055000,271737000,302870006', 0.1896551724137931, 0.12290759959825912, 2.8413793103448275, 0.8216411610640924]
['444814009,271737000,72892002', 0.1896551724137931, -0.014228322731837967, 0.9302134646962233, 0.8220763517015027]
['271737000,10509002,10509002', 0.18446601941747573, -0.21480582524271843, 0.46200607902735563, 0.822483932354314]
['444814009,271737000,195662009', 0.1896551724137931, -0.27272346836290595, 0.4101728663227441, 0.8228909188608275]
['59621000,271737000,302870006', 0.1839080459770115, 0.11716047316147751, 2.7552769070010448, 0.8236678793066552]
['44054006,237602007,55822004', 0.18867924528301888, 0.08795108994321306, 1.8731529893157537, 0.8238772650628161]
['43878008,195662009,72892002', 0.18867924528301888, -0.01520424986261218, 0.9254267744833784, 0.8242320819112628]
['43878008,195662009,10509002', 0.18867924528301888, -0.21059259937717528, 0.47255835292768256, 0.8249002431941067]
['65363002,444814009,43878008', 0.18181818181818182, 0.0386142983230362, 1.2696456086286596, 0.8269969960270035]
['44054006,302870006,55822004', 0.18518518518518517, 0.08445702984537935, 1.8384649709950915, 0.8272576925764599]
['302870006,237602007,55822004', 0.18518518518518517, 0.08445702984537935, 1.8384649709950915, 0.8272576925764599]
['444814009,195662009,10509002', 0.1750841750841751, -0.22418766957601907, 0.4385086938278428, 0.8273523164714534]
['444814009,444814009,10509002', 0.17408906882591094, -0.22518277583428323, 0.4360163912235581, 0.8273758617035174]
['10509002,444814009,72892002', 0.1752136752136752, -0.02866981993195586, 0.8593813593813594, 0.8277375925074214]
['55680006,444814009,195662009', 0.18518518518518517, -0.27719345559151387, 0.4005054923690094, 0.828448495223114]
['44054006,271737000,68496003', 0.1891891891891892, 0.10787850957753871, 2.326744655102864, 0.8289687618915834]
['444814009,444814009,72892002', 0.1720647773279352, -0.03181871781769585, 0.8439367649893965, 0.8293390141428487]
['444814009,65363002,43878008', 0.18421052631578946, 0.04100664282064384, 1.2863514719000892, 0.8339936874622255]
['44465007,195662009,72892002', 0.18421052631578946, -0.019672968829841597, 0.9035087719298246, 0.8342719227674981]
