['59621000,15777000,68496003', 0.12658227848101267, 0.045271598869362176, 1.5567730965426034, 0.883240179485161]
['444814009,72892002,271737000', 0.11983471074380166, -0.19448567760571295, 0.3812501994320176, 0.8834859281180089]
['40055000,195662009,68496003', 0.12264150943396226, 0.041330829822311774, 1.5083075190087298, 0.884705525692898]
['302870006,444814009,68496003', 0.12962962962962962, 0.04831895001797913, 1.5942509673852956, 0.8847955260398462]
['237602007,444814009,68496003', 0.12962962962962962, 0.04831895001797913, 1.5942509673852956, 0.8847955260398462]
['44054006,302870006,19169002', 0.12962962962962962, -0.03420532182668107, 0.7912208504801096, 0.88497778191378]
['55680006,444814009,271737000', 0.12962962962962962, -0.18469075871988497, 0.41241241241241233, 0.8853086505671933]
['19169002,72892002,398254007', 0.12121212121212122, 0.09694027655192704, 4.993939393939394, 0.8866263070996148]
['40055000,72892002,44465007', 0.125, 0.027912621359223302, 1.2875, 0.8872732958098811]
['271737000,72892002,44465007', 0.12195121951219512, 0.02486384087141842, 1.2560975609756098, 0.8876363636363637]
['10509002,72892002,271737000', 0.11926605504587157, -0.19505433330364302, 0.3794410399914987, 0.8881789498682527]
['72892002,72892002,156073000', 0.11247443762781185, 0.07363948617150118, 2.8962167689161555, 0.8891258845808832]
['44054006,444814009,68496003', 0.12280701754385964, 0.04149633793220915, 1.510343021733438, 0.8910701302134971]
['15777000,10509002,72892002', 0.11538461538461539, -0.08849887976101567, 0.565934065934066, 0.8923719958202718]
['40055000,271737000,80394007', 0.1206896551724138, 0.08428188818212254, 3.3149425287356324, 0.8929267553168451]
['40055000,271737000,43878008', 0.1206896551724138, -0.022514228322731825, 0.8427819988310931, 0.8931304310233021]
['72892002,72892002,19169002', 0.1083844580777096, -0.055450493378601085, 0.6615466181928349, 0.893259728515805]
['444814009,271737000,10509002', 0.1206896551724138, -0.27858218948778035, 0.30227439471753487, 0.8936156477954942]
['59621000,72892002,198992004', 0.11304347826086956, 0.07056775010552976, 2.661366459627329, 0.8938452124061967]
['15777000,271737000,40055000', 0.10891089108910891, -0.11439007978467751, 0.4877313818338355, 0.895117102264462]
['162864005,15777000,55822004', 0.1125, 0.01177184466019418, 1.1168674698795182, 0.897568176520861]
['162864005,15777000,40055000', 0.1125, -0.11080097087378642, 0.503804347826087, 0.8977286831326798]
['162864005,271737000,88805009', 0.10975609756097561, 0.07213473833767464, 2.917387883556255, 0.90004700459432]
['444814009,72892002,43878008', 0.10330578512396695, -0.03989809837117868, 0.721389550357193, 0.9000596327029786]
['15777000,271737000,43878008', 0.10396039603960396, -0.03924348745554167, 0.725960731666387, 0.9000715507100499]
['72892002,19169002,75498004', 0.1111111111111111, 0.044363538295577126, 1.6646464646464647, 0.9000952628388326]
['195662009,195662009,43878008', 0.10362694300518134, -0.03957694048996428, 0.7236322121717749, 0.9005980876433315]
['195662009,195662009,10509002', 0.10362694300518134, -0.29564490165501284, 0.25953982077893445, 0.9007310748004286]
['72892002,444814009,43878008', 0.10126582278481013, -0.0419380607103355, 0.7071443896159623, 0.9021872645258519]
['195662009,10509002,72892002', 0.10294117647058823, -0.10094231867504283, 0.5049019607843137, 0.9031324603921002]
['444814009,72892002,44465007', 0.09917355371900827, 0.0020861750782315697, 1.0214876033057851, 0.9042054185200162]
['40055000,444814009,271737000', 0.1, -0.21432038834951458, 0.31814671814671813, 0.904662732847391]
['59621000,271737000,431855005', 0.10344827586206896, 0.0816036156678942, 4.735632183908046, 0.9059065345856291]
['59621000,271737000,127013003', 0.10344827586206896, 0.0803900234348845, 4.486388384754991, 0.9059078776459842]
['10509002,72892002,156073000', 0.10091743119266056, 0.06208247973634988, 2.5986238532110097, 0.9065759637188209]
['162864005,444814009,72892002', 0.0967741935483871, -0.10710930159724397, 0.47465437788018433, 0.9065814898063804]
['65363002,444814009,72892002', 0.1038961038961039, -0.09998739124952716, 0.5095856524427953, 0.9069197004905758]
['195662009,72892002,162864005', 0.10101010101010101, -0.20360154947533587, 0.3316028814036782, 0.9075069531922323]
['195662009,72892002,271737000', 0.10101010101010101, -0.2133102873394136, 0.32136032136032133, 0.9075161809270829]
['15777000,72892002,44465007', 0.10256410256410256, 0.005476723923325863, 1.0564102564102564, 0.9080122480224547]
['444814009,72892002,198992004', 0.09504132231404959, 0.05256559415870978, 2.2375442739079103, 0.9083495538309866]
['59621000,15777000,431855005', 0.10126582278481013, 0.07942116259063536, 4.6357243319268635, 0.909116692402231]
['59621000,15777000,127013003', 0.10126582278481013, 0.07820757035762566, 4.391738840772818, 0.9091181243795988]
['59621000,15777000,44465007', 0.10126582278481013, 0.0041784441440334275, 1.0430379746835443, 0.9092053897494018]
['162864005,15777000,26929004', 0.1, 0.07815533980582524, 4.5777777777777775, 0.9102815367864365]
['162864005,15777000,64859006', 0.1, 0.06359223300970875, 2.746666666666667, 0.9102982799912911]
['195662009,195662009,72892002', 0.09326424870466321, -0.11061924644096785, 0.45743893412287195, 0.9110896719813141]
['59621000,72892002,271737000', 0.09565217391304348, -0.2186682144364711, 0.3043142521403391, 0.9117499009328379]
['271737000,195662009,43878008', 0.09333333333333334, -0.049870550161812285, 0.6517514124293786, 0.9122470713525027]
['444814009,72892002,398254007', 0.09090909090909091, 0.06663724624889673, 3.7454545454545456, 0.9125088482151886]
['162864005,271737000,80394007', 0.0975609756097561, 0.06115320861946484, 2.679674796747968, 0.9125398028809705]
['15777000,195662009,72892002', 0.09146341463414634, -0.11242008051148472, 0.4486062717770035, 0.9136888729275153]
['40055000,195662009,271737000', 0.09433962264150944, -0.21998076570800515, 0.30013841334596053, 0.9137222965505206]
['55822004,444814009,68496003', 0.09523809523809523, 0.013927415626444742, 1.1712864250177681, 0.9147187107266948]
['10509002,72892002,44465007', 0.09174311926605505, -0.005344259374721647, 0.9449541284403671, 0.9159641011694316]
['195662009,72892002,44465007', 0.09090909090909091, -0.006178287731685786, 0.9363636363636364, 0.9176082391760825]
['59621000,271737000,422034002', 0.09195402298850575, 0.07617732395937954, 5.828470380194518, 0.9176623413701055]
['59621000,271737000,3.68581E+14', 0.09195402298850575, 0.07253654726035041, 4.735632183908046, 0.9176658673061551]
['59621000,271737000,80394007', 0.09195402298850575, 0.055546255998214486, 2.5256704980842914, 0.9176823176823177]
['59621000,271737000,88805009', 0.09195402298850575, 0.05433266376520478, 2.4441972562106047, 0.9176834924576501]
['59621000,271737000,43878008', 0.09195402298850575, -0.05124986050663988, 0.6421196181570232, 0.917785569714074]
['10509002,444814009,43878008', 0.08547008547008547, -0.05773379802506015, 0.5968419527741562, 0.9181539684033333]
['271737000,195662009,68496003', 0.08666666666666667, 0.005355987055016179, 1.0658706467661692, 0.9189634401199813]
['271737000,195662009,72892002', 0.08666666666666667, -0.11721682847896439, 0.4250793650793651, 0.9190304618408124]
['59621000,10509002,44465007', 0.0898876404494382, -0.007199738191338498, 0.9258426966292135, 0.919629918626686]
['59621000,10509002,43878008', 0.0898876404494382, -0.05331624304570742, 0.627689963816416, 0.9196724507701306]
['15777000,195662009,43878008', 0.08536585365853659, -0.05783802983660903, 0.5961140967341878, 0.9198239600017962]
['59621000,72892002,162864005', 0.08695652173913043, -0.21765512874630644, 0.28546682833881865, 0.9205681051380097]
['59621000,195662009,271737000', 0.08695652173913043, -0.22736386661038416, 0.276649320127581, 0.9205749108395541]
['15777000,72892002,38822007', 0.08974358974358974, 0.0703261140154344, 4.621794871794872, 0.9210727969348658]
['15777000,72892002,44054006', 0.08974358974358974, 0.018141647996016932, 1.253368100825728, 0.9211269403187468]
['72892002,72892002,74400008', 0.07975460122699386, 0.03485168860563464, 1.7761565246227822, 0.9219784463963122]
['72892002,72892002,428251008', 0.07975460122699386, 0.03485168860563464, 1.7761565246227822, 0.9219784463963122]
['59621000,15777000,49436004', 0.08860759493670886, 0.057054196878456434, 2.8081791626095423, 0.9221098402495511]
['59621000,15777000,237602007', 0.08860759493670886, 0.02307361435418459, 1.3520862634786686, 0.922144184435136]
['59621000,15777000,302870006', 0.08860759493670886, 0.021860022121174882, 1.3275028768699655, 0.9221454104530494]
['59621000,15777000,44054006', 0.08860759493670886, 0.01700565318913605, 1.237502681827934, 0.9221503141385989]
['59621000,15777000,43878008', 0.08860759493670886, -0.05459628855843676, 0.618751340913967, 0.9222225718151214]
['162864005,444814009,271737000', 0.08064516129032258, -0.23367522705919203, 0.2565699339892888, 0.9228627877987614]
['162864005,15777000,49436004', 0.0875, 0.05594660194174757, 2.773076923076923, 0.9231080282434913]
['162864005,15777000,88805009', 0.0875, 0.049878640776699026, 2.325806451612903, 0.9231140071225293]
['162864005,15777000,44465007', 0.0875, -0.009587378640776703, 0.90125, 0.9231725509696669]
['59621000,444814009,43878008', 0.08056872037914692, -0.0626351631159987, 0.5626154711221785, 0.9234973945942182]
['72892002,72892002,47693006', 0.07770961145194274, 0.06436009688883595, 5.8211563487637115, 0.9240267232163548]
['162864005,271737000,26929004', 0.08536585365853659, 0.06352119346436183, 3.907859078590786, 0.9250204737783978]
['162864005,271737000,127013003', 0.08536585365853659, 0.06230760123135212, 3.702182284980745, 0.9250216108827857]
['162864005,271737000,126906006', 0.08536585365853659, 0.059880416765332706, 3.34959349593496, 0.9250238849880954]
['162864005,271737000,92691004', 0.08536585365853659, 0.059880416765332706, 3.34959349593496, 0.9250238849880954]
['271737000,72892002,237602007', 0.08536585365853659, 0.01983187307601232, 1.3026196928635954, 0.9250613878194439]
