['65363002,10509002,195662009', 0.32432432432432434, -0.1380543164523747, 0.701425835284103, 0.6898121214195271]
['126906006,92691004,10509002', 0.3333333333333333, -0.06593851132686085, 0.8348530901722391, 0.6907100406631218]
['19169002,55822004,10509002', 0.3333333333333333, -0.06593851132686085, 0.8348530901722391, 0.6907100406631218]
['444814009,198992004,10509002', 0.3333333333333333, -0.06593851132686085, 0.8348530901722391, 0.6907100406631218]
['302870006,10509002,444814009', 0.3333333333333333, -0.3232200647249191, 0.5077017868145409, 0.6910386201724785]
['44054006,10509002,444814009', 0.3333333333333333, -0.3232200647249191, 0.5077017868145409, 0.6910386201724785]
['237602007,10509002,444814009', 0.3333333333333333, -0.3232200647249191, 0.5077017868145409, 0.6910386201724785]
['82423001,72892002,195662009', 0.3333333333333333, -0.12904530744336573, 0.7209098862642169, 0.6917129138866372]
['271737000,237602007,195662009', 0.3235294117647059, -0.13884922901199315, 0.6997066543152695, 0.6919511009757374]
['10509002,43878008,195662009', 0.3235294117647059, -0.13884922901199315, 0.6997066543152695, 0.6919511009757374]
['43878008,10509002,444814009', 0.3235294117647059, -0.3330239862935465, 0.4927693813199957, 0.6937827492660447]
['444814009,55822004,444814009', 0.3333333333333333, -0.3232200647249191, 0.5077017868145409, 0.6947582885719578]
['162864005,444814009,195662009', 0.3064516129032258, -0.15592702787347323, 0.6627719922106511, 0.6956939212644951]
['44054006,195662009,10509002', 0.32142857142857145, -0.07784327323162271, 0.8050369083803736, 0.6969613386659311]
['162864005,43878008,195662009', 0.32142857142857145, -0.1409500693481276, 0.6951631046119235, 0.6976840174271957]
['15777000,72892002,195662009', 0.3076923076923077, -0.15468633308439134, 0.665455279628508, 0.6991984763114039]
['72892002,19169002,35999006', 0.3055555555555556, 0.2909924487594391, 20.98148148148148, 0.7000624003328019]
['40055000,19169002,156073000', 0.3181818181818182, 0.2793468667255075, 8.193181818181818, 0.7005813953488373]
['444814009,43878008,72892002', 0.3055555555555556, 0.10167206040992452, 1.4986772486772488, 0.7008712487899322]
['44465007,72892002,195662009', 0.32, -0.14237864077669904, 0.6920734908136483, 0.7016500284487663]
['59621000,15777000,72892002', 0.3037974683544304, 0.09991397320879933, 1.4900542495479205, 0.7020875251509054]
['43878008,444814009,444814009', 0.3037974683544304, -0.352755929703822, 0.4627155525398348, 0.7038240947662879]
['271737000,10509002,195662009', 0.30097087378640774, -0.1614077669902913, 0.6509186351706036, 0.704323904072723]
['15777000,271737000,72892002', 0.297029702970297, 0.09314620782466596, 1.4568599717114568, 0.7053004219000049]
['196416002,72892002,195662009', 0.3181818181818182, -0.14419682259488087, 0.6881412550703889, 0.7067789573572149]
['40055000,59621000,15777000', 0.3103448275862069, 0.013014730498828286, 1.0437719915552428, 0.7069310452140667]
['72892002,444814009,444814009', 0.29535864978902954, -0.3611947482692229, 0.44986234274706166, 0.7072010134874164]
['19169002,195662009,10509002', 0.2987012987012987, -0.10057054595889547, 0.7481151067777208, 0.7082199938836936]
['128613002,444814009,10509002', 0.3055555555555556, -0.09371628910463858, 0.7652819993245527, 0.7092961721644028]
['703151001,444814009,10509002', 0.3055555555555556, -0.09371628910463858, 0.7652819993245527, 0.7092961721644028]
['72892002,156073000,444814009', 0.29850746268656714, -0.3580459353716853, 0.4546583165503352, 0.7106153305853865]
['44054006,302870006,3.68581E+14', 0.2962962962962963, 0.27687882056814095, 15.25925925925926, 0.7116461366181411]
['162864005,72892002,43878008', 0.2962962962962963, 0.15309241280115066, 2.069052102950408, 0.7123306800726156]
['162864005,72892002,19169002', 0.2962962962962963, 0.1324613448399856, 1.8085048010973934, 0.7124444547844496]
['44465007,444814009,72892002', 0.29508196721311475, 0.09119847206748369, 1.4473067915690867, 0.712856674319449]
['19169002,10509002,72892002', 0.29411764705882354, 0.09023415191319248, 1.4425770308123251, 0.7130077724006452]
['49436004,444814009,10509002', 0.3076923076923077, -0.09157953696788645, 0.7706336216974515, 0.7131061924894306]
['68496003,195662009,10509002', 0.3076923076923077, -0.09157953696788645, 0.7706336216974515, 0.7131061924894306]
['271737000,43878008,10509002', 0.3076923076923077, -0.09157953696788645, 0.7706336216974515, 0.7131061924894306]
['162864005,68496003,195662009', 0.30303030303030304, -0.159348337746396, 0.6553726238765609, 0.713944069431051]
['271737000,302870006,195662009', 0.30303030303030304, -0.159348337746396, 0.6553726238765609, 0.713944069431051]
['19169002,10509002,195662009', 0.29411764705882354, -0.1682609937178755, 0.6360969584684267, 0.7141239842965399]
['44054006,271737000,431855005', 0.2972972972972973, 0.27545263710312257, 13.60960960960961, 0.714463926814055]
['44054006,80394007,431855005', 0.3, 0.27815533980582524, 13.733333333333333, 0.7145084452143785]
['44054006,80394007,127013003', 0.3, 0.27694174757281553, 13.010526315789473, 0.714520808973193]
['10509002,10509002,444814009', 0.29213483146067415, -0.36441856659757826, 0.44495212777004717, 0.7147959960680612]
['43878008,444814009,72892002', 0.2911392405063291, 0.08725574536069805, 1.427968655816757, 0.7150402414486922]
['195662009,271737000,72892002', 0.2972972972972973, 0.09341380215166625, 1.4581724581724582, 0.7159404302261445]
['43878008,444814009,195662009', 0.2911392405063291, -0.17123940027036993, 0.6296554702814047, 0.7159911638910214]
['15777000,19169002,43878008', 0.30434782608695654, 0.16114394259181092, 2.1252763448784084, 0.7162208701641603]
['44054006,271737000,15777000', 0.2972972972972973, -3.279979008130596e-05, 0.9998896856039714, 0.7166924531545469]
['74400008,428251008,15777000', 0.2972972972972973, -3.279979008130596e-05, 0.9998896856039714, 0.7166924531545469]
['74400008,428251008,162864005', 0.2972972972972973, -0.007314353188139555, 0.9759879401313666, 0.716750885153484]
['444814009,271737000,444814009', 0.29310344827586204, -0.36344994978239037, 0.44642743323347567, 0.7175966584556068]
['195662009,444814009,195662009', 0.2838709677419355, -0.17850767303476356, 0.6139361612056558, 0.7179558804436349]
['271737000,237602007,127013003', 0.29411764705882354, 0.2710593946316391, 12.755417956656347, 0.7189525144957745]
['72892002,72892002,195662009', 0.2822085889570552, -0.18017005181964385, 0.6103408853034474, 0.7189526699844898]
['196416002,444814009,10509002', 0.2916666666666667, -0.10760517799352748, 0.7304964539007093, 0.7198231893913635]
['65363002,444814009,65363002', 0.2857142857142857, 0.16678224687933424, 2.402332361516035, 0.7204433099615497]
['444814009,75498004,10509002', 0.29411764705882354, -0.10515419760137062, 0.7366350795637404, 0.7222159793235196]
['444814009,195662009,195662009', 0.27946127946127947, -0.18291736131541958, 0.6043991975750506, 0.7224688964556952]
['59621000,444814009,72892002', 0.2796208530805687, 0.07573735793493766, 1.371473707966599, 0.7227584926675329]
['68496003,10509002,195662009', 0.2962962962962963, -0.16608234448040277, 0.6408087877904151, 0.7250846003527002]
['44054006,237602007,3.68581E+14', 0.2830188679245283, 0.26360139219637296, 14.575471698113208, 0.7255946717411988]
['44054006,237602007,80394007', 0.2830188679245283, 0.24661110093423705, 7.773584905660377, 0.725686022732677]
['40055000,72892002,156073000', 0.28125, 0.24241504854368934, 7.242187500000001, 0.7259780907668232]
['44054006,444814009,195662009', 0.2807017543859649, -0.18167688639073415, 0.6070820094856564, 0.7295463994223321]
['72892002,19169002,195662009', 0.2777777777777778, -0.18460086299892126, 0.6007582385535142, 0.73035256023837]
['302870006,237602007,3.68581E+14', 0.2777777777777778, 0.25836030204962246, 14.305555555555557, 0.730869727510265]
['44054006,302870006,80394007', 0.2777777777777778, 0.24137001078748654, 7.629629629629631, 0.730957600634358]
['302870006,237602007,80394007', 0.2777777777777778, 0.24137001078748654, 7.629629629629631, 0.730957600634358]
['1.24171E+14,444814009,10509002', 0.28, -0.11927184466019414, 0.7012765957446809, 0.7314009177302474]
['162864005,444814009,10509002', 0.2701612903225806, -0.12911055433761354, 0.6766349642121776, 0.732142065575547]
['44054006,302870006,271737000', 0.2777777777777778, -0.0365426105717368, 0.8837408837408837, 0.732386851323451]
['72892002,44465007,444814009', 0.2857142857142857, -0.3708391123439667, 0.4351729601267494, 0.7325929398189882]
['59621000,444814009,195662009', 0.27014218009478674, -0.1922364606819123, 0.584244504981901, 0.7326488872923632]
['55680006,72892002,195662009', 0.2916666666666667, -0.17071197411003236, 0.6307961504811899, 0.7328867037657355]
['59621000,43878008,195662009', 0.2916666666666667, -0.17071197411003236, 0.6307961504811899, 0.7328867037657355]
['59621000,195662009,10509002', 0.26956521739130435, -0.12970662726888982, 0.6751420642262456, 0.735448036729059]
['19169002,444814009,195662009', 0.2642857142857143, -0.19809292649098476, 0.5715785526809148, 0.7400015776603298]
['271737000,40055000,68496003', 0.28, 0.19868932038834952, 3.443582089552239, 0.7400494242599505]
['162864005,195662009,10509002', 0.2631578947368421, -0.13611394992335207, 0.6590945448728204, 0.7406902339242631]
['15777000,195662009,10509002', 0.2621951219512195, -0.13707672270897464, 0.6566832233671881, 0.7413781507581251]
['40055000,195662009,195662009', 0.2641509433962264, -0.19822769738047263, 0.5712870796810776, 0.7415337430440186]
['40055000,59621000,55822004', 0.27586206896551724, 0.1751339136257114, 2.738678853344412, 0.7417043571716447]
['59621000,271737000,72892002', 0.26436781609195403, 0.06048432094632297, 1.2966611932129175, 0.74179580674567]
['271737000,302870006,127013003', 0.2727272727272727, 0.24966902030008825, 11.827751196172247, 0.7421272933536752]
['59621000,40055000,15777000', 0.27586206896551724, -0.021468028121861382, 0.9277973258268826, 0.7435646645623083]
['271737000,195662009,10509002', 0.26, -0.13927184466019416, 0.6511854103343465, 0.7439340535324377]
['444814009,156073000,195662009', 0.28, -0.18237864077669902, 0.6055643044619423, 0.7442714529560854]
['59621000,195662009,195662009', 0.2608695652173913, -0.20150907555930775, 0.5641903457719959, 0.7444086723070177]
['444814009,43878008,195662009', 0.2638888888888889, -0.19848975188781015, 0.5707203266258384, 0.74454453075214]
['44054006,444814009,10509002', 0.2631578947368421, -0.13611394992335207, 0.6590945448728204, 0.7472890972419987]
['43878008,195662009,195662009', 0.2641509433962264, -0.19822769738047263, 0.5712870796810776, 0.7473882796839996]
['65363002,444814009,10509002', 0.2597402597402597, -0.13953158491993445, 0.6505348754588876, 0.7480081765359172]
['271737000,237602007,431855005', 0.2647058823529412, 0.24286122215876643, 12.117647058823529, 0.7501705449859775]
['59621000,237602007,3.68581E+14', 0.26666666666666666, 0.24724919093851133, 13.733333333333334, 0.7501732501732502]
['59621000,302870006,3.68581E+14', 0.26666666666666666, 0.24724919093851133, 13.733333333333334, 0.7501732501732502]
['82423001,444814009,72892002', 0.2608695652173913, 0.056986070071760236, 1.279503105590062, 0.7511530858774434]
['271737000,72892002,195662009', 0.25609756097560976, -0.20628107980108928, 0.5538697906664106, 0.7514366299150842]
['446096008,444814009,72892002', 0.26666666666666666, 0.0627831715210356, 1.307936507936508, 0.7518072289156628]
['196416002,55680006,40055000', 0.2692307692307692, 0.0459297983569828, 1.205685618729097, 0.7523046092184368]
['59621000,195662009,72892002', 0.25217391304347825, 0.04829041789784719, 1.2368530020703934, 0.7526586620926242]
['59621000,302870006,271737000', 0.26666666666666666, -0.04765372168284793, 0.8483912483912484, 0.7527752775277528]
['446096008,444814009,10509002', 0.26666666666666666, -0.1326051779935275, 0.6678824721377913, 0.7535148070595274]
['72892002,72892002,10509002', 0.2474437627811861, -0.15182808187900806, 0.6197375700051592, 0.7537952825702098]
['232353008,444814009,195662009', 0.26666666666666666, -0.19571197411003238, 0.5767279090113735, 0.754061314117597]
['80394007,444814009,195662009', 0.26666666666666666, -0.19571197411003238, 0.5767279090113735, 0.754061314117597]
['72892002,198992004,10509002', 0.25333333333333335, -0.1459385113268608, 0.6344883485309017, 0.754765959557547]
['444814009,70704007,444814009', 0.26666666666666666, -0.38988673139158575, 0.4061614294516328, 0.7557277770719518]
['65363002,65363002,43878008', 0.2549019607843137, 0.11169807728916809, 1.7799933532735128, 0.7558156763965033]
['68496003,195662009,444814009', 0.2692307692307692, -0.3873226288274832, 0.41006682781174464, 0.7566569867598564]
['65363002,65363002,444814009', 0.2549019607843137, -0.4016514372739387, 0.3882425428581784, 0.7583400542561771]
['59621000,19169002,15777000', 0.2564102564102564, -0.04091984067712223, 0.8623757195185766, 0.7586958643803079]
['19169002,15777000,64859006', 0.25925925925925924, 0.222851492268968, 7.120987654320988, 0.7603490063015027]
['72892002,44465007,10509002', 0.2571428571428571, -0.14212898751733705, 0.6440295267042987, 0.7604738199920063]
['40055000,55822004,68496003', 0.25925925925925924, 0.17794857964760874, 3.188501934770591, 0.7607780519669037]
['271737000,68496003,195662009', 0.2571428571428571, -0.20523578363384193, 0.5561304836895388, 0.7609255431037609]
['59621000,72892002,156073000', 0.24347826086956523, 0.20464330941325454, 6.269565217391305, 0.7611440350425148]
['196416002,444814009,72892002', 0.25, 0.04611650485436894, 1.2261904761904763, 0.7619247741122084]
['162864005,55822004,68496003', 0.25, 0.1686893203883495, 3.074626865671642, 0.762364816149964]
['19169002,72892002,198992004', 0.24242424242424243, 0.19994851426890262, 5.707359307359307, 0.7629903830521616]
['44054006,237602007,68496003', 0.24528301886792453, 0.16397233925627402, 3.0166150380174597, 0.7650804209926113]
['59621000,444814009,10509002', 0.23696682464454977, -0.1623050200156444, 0.5934974574684164, 0.7659972760729086]
['44054006,237602007,271737000', 0.24528301886792453, -0.06903736948159006, 0.7803598746994973, 0.7661471513374168]
['72892002,10509002,43878008', 0.23577235772357724, 0.09256847422843162, 1.646410362408709, 0.7688685860832282]
['44054006,302870006,68496003', 0.24074074074074073, 0.15943006112909025, 2.960751796572692, 0.7695910520796924]
['302870006,237602007,68496003', 0.24074074074074073, 0.15943006112909025, 2.960751796572692, 0.7695910520796924]
['40055000,444814009,10509002', 0.23333333333333334, -0.16593851132686083, 0.5843971631205674, 0.7701784341603118]
['302870006,237602007,271737000', 0.24074074074074073, -0.07357964760877386, 0.7659087659087658, 0.7706173011343866]
['302870006,444814009,10509002', 0.24074074074074073, -0.15853110391945344, 0.6029494540132838, 0.7709891840563262]
['237602007,444814009,10509002', 0.24074074074074073, -0.15853110391945344, 0.6029494540132838, 0.7709891840563262]
['1.24171E+14,55680006,40055000', 0.25, 0.02669902912621358, 1.1195652173913042, 0.7711958533876342]
['1.24171E+14,444814009,72892002', 0.24, 0.03611650485436893, 1.177142857142857, 0.7718026183282982]
['1.24171E+14,55680006,15777000', 0.25, -0.04733009708737862, 0.8408163265306123, 0.7718399556970786]
['1.24171E+14,55680006,271737000', 0.25, -0.06432038834951459, 0.7953667953667953, 0.7719872711340682]
['444814009,43878008,10509002', 0.2361111111111111, -0.16316073354908306, 0.591354272205336, 0.7727249219948629]
['19169002,72892002,156073000', 0.23232323232323232, 0.19348828086692166, 5.982323232323233, 0.7732866433216609]
['65363002,195662009,43878008', 0.2391304347826087, 0.09592655128746308, 1.6698599852616067, 0.773464562599659]
['195662009,271737000,10509002', 0.24324324324324326, -0.1560286014169509, 0.6092171198554178, 0.7740066508964998]
['444814009,10509002,72892002', 0.22844827586206898, 0.024564780716437917, 1.1204844006568146, 0.7741132807557674]
['271737000,302870006,431855005', 0.24242424242424243, 0.22057958223006768, 11.097643097643097, 0.7743525545731946]
['82423001,444814009,10509002', 0.2391304347826087, -0.16014140987758546, 0.5989163472974759, 0.7747710810441437]
['65363002,195662009,10509002', 0.2391304347826087, -0.16014140987758546, 0.5989163472974759, 0.7747710810441437]
['36971009,444814009,444814009', 0.25, -0.4065533980582524, 0.3807763401109057, 0.7749146369223766]
['40055000,72892002,10509002', 0.234375, -0.16489684466019416, 0.5870060790273557, 0.7756384075305832]
['444814009,162864005,72892002', 0.24242424242424243, 0.03854074727861137, 1.189033189033189, 0.7756689483509644]
['40055000,72892002,195662009', 0.234375, -0.22800364077669905, 0.5068897637795275, 0.7758650838368726]
['65363002,65363002,65363002', 0.23529411764705882, 0.11636207881210736, 1.978391356542617, 0.7760537629095221]
['15777000,72892002,43878008', 0.23076923076923078, 0.08756534727408516, 1.6114732724902219, 0.7767364763635205]
['72892002,271737000,195662009', 0.23809523809523808, -0.22428340268146096, 0.5149356330458692, 0.7775711586335142]
['15777000,444814009,10509002', 0.22264150943396227, -0.1766303352262319, 0.5576188564546654, 0.7798019728991297]
['128613002,703151001,15777000', 0.2413793103448276, -0.05595078674255102, 0.8118226600985222, 0.78019828391055]
['128613002,703151001,271737000', 0.2413793103448276, -0.072941078004687, 0.7679403541472507, 0.7803350068867464]
['55822004,195662009,195662009', 0.23684210526315788, -0.22553653551354116, 0.5122254455035226, 0.780595773007156]
