['271737000,72892002,44054006', 0.08536585365853659, 0.01376391191096378, 1.1922281934683756, 0.9250670667939799]
['162864005,271737000,44465007', 0.08536585365853659, -0.011721524982240106, 0.8792682926829269, 0.9250909090909091]
['162864005,271737000,55822004', 0.08536585365853659, -0.01536230168126923, 0.8474875110196886, 0.925094313894823]
['15777000,195662009,68496003', 0.07926829268292683, -0.0020423869287236607, 0.9748816891153985, 0.9259630863689116]
['162864005,444814009,68496003', 0.07661290322580645, -0.004697776385844038, 0.9422243620606644, 0.9268534455124254]
['19169002,72892002,271737000', 0.08080808080808081, -0.23351230754143376, 0.2570882570882571, 0.9280681407210644]
['40055000,10509002,44465007', 0.08139534883720931, -0.01569202980356739, 0.8383720930232559, 0.9286538905564535]
['40055000,10509002,55822004', 0.08139534883720931, -0.019332806502596514, 0.808069487251331, 0.9286569791771887]
['59621000,72892002,74400008', 0.0782608695652174, 0.03335795694385817, 1.7428907168037604, 0.9292316611021052]
['59621000,72892002,428251008', 0.0782608695652174, 0.03335795694385817, 1.7428907168037604, 0.9292316611021052]
['59621000,271737000,49436004', 0.08045977011494253, 0.0489063720566901, 2.5499557913351016, 0.929437958496275]
['15777000,271737000,53741008', 0.07425742574257425, 0.024500144189176197, 1.4923931417531997, 0.9300174107169938]
['15777000,271737000,36971009', 0.07425742574257425, 0.020859367490147072, 1.3906390639063906, 0.9300186843318531]
['15777000,271737000,237602007', 0.07425742574257425, 0.008723445160049983, 1.1331133113311331, 0.9300229293799362]
['15777000,271737000,302870006', 0.07425742574257425, 0.007509852927040275, 1.1125112511251125, 0.9300233538564193]
['10509002,10509002,44465007', 0.07865168539325842, -0.018435693247518273, 0.8101123595505618, 0.9311113588228738]
['15777000,10509002,55822004', 0.07692307692307693, -0.023805078416728895, 0.7636700648748842, 0.9314402538897673]
['15777000,444814009,68496003', 0.07169811320754717, -0.009612566404103323, 0.8817797803435651, 0.931580088477205]
['72892002,444814009,156073000', 0.07172995780590717, 0.032895006349596495, 1.8470464135021099, 0.9319261431698954]
['19169002,444814009,68496003', 0.07142857142857142, -0.009882108183079066, 0.8784648187633262, 0.934821012664903]
['444814009,10509002,43878008', 0.06896551724137931, -0.07423836625376631, 0.4815897136177674, 0.9348231894451534]
['15777000,271737000,239873007', 0.06930693069306931, 0.026831202537729505, 1.6316831683168318, 0.9350138016804683]
['15777000,271737000,44465007', 0.06930693069306931, -0.027780447947707385, 0.7138613861386139, 0.9350315380883066]
['10509002,195662009,271737000', 0.07142857142857142, -0.24289181692094317, 0.22724765581908435, 0.9356469956557817]
['162864005,10509002,55822004', 0.07142857142857142, -0.029299583911234398, 0.7091222030981067, 0.9364218555382869]
['59621000,72892002,284551006', 0.06956521739130435, 0.04650696496411988, 3.016933638443936, 0.938065735362017]
['59621000,72892002,237602007', 0.06956521739130435, 0.004031236808780078, 1.0615136876006441, 0.9380890024257775]
['195662009,72892002,198992004', 0.0707070707070707, 0.028231342551730897, 1.6646464646464645, 0.9381714042744771]
['40055000,444814009,15777000', 0.06666666666666667, -0.23066343042071197, 0.22421768707482995, 0.9383053016328948]
['271737000,444814009,68496003', 0.06451612903225806, -0.016794550579392428, 0.7934520943668752, 0.939044537927021]
['162864005,195662009,88805009', 0.06578947368421052, 0.028168114460909555, 1.7487266553480476, 0.9400150447703247]
['15777000,271737000,44054006', 0.06435643564356436, -0.007245506104008453, 0.8988085249202887, 0.9400214728950194]
['195662009,10509002,44465007', 0.0661764705882353, -0.030910908052541403, 0.6816176470588236, 0.9403417318273964]
['271737000,10509002,53741008', 0.06796116504854369, 0.01820388349514563, 1.3658536585365852, 0.9406233111151143]
['15777000,10509002,43878008', 0.0673076923076923, -0.07589619118745332, 0.470013037809648, 0.9412589406648767]
['19169002,444814009,64859006', 0.06428571428571428, 0.02787794729542302, 1.7657142857142856, 0.9420442756413638]
['72892002,10509002,156073000', 0.06504065040650407, 0.026205698950193396, 1.67479674796748, 0.9421673217293656]
['72892002,10509002,44465007', 0.06504065040650407, -0.032046728234272626, 0.669918699186992, 0.9421951415056522]
['72892002,10509002,19169002', 0.06504065040650407, -0.09879430104980662, 0.3969888587774767, 0.9422269854465689]
['40055000,195662009,55822004', 0.0660377358490566, -0.03469041949074922, 0.6556035462605138, 0.942363515545763]
['40055000,195662009,43878008', 0.0660377358490566, -0.07716614764608902, 0.46114486728493764, 0.9423870230964644]
['40055000,195662009,15777000', 0.0660377358490566, -0.23129236123832203, 0.22210242587601078, 0.9424721611338011]
['72892002,72892002,398254007', 0.05930470347648262, 0.03503285881628844, 2.443353783231084, 0.942507998843781]
['59621000,444814009,44465007', 0.061611374407582936, -0.03547600423319376, 0.6345971563981042, 0.9426103914194176]
['40055000,444814009,68496003', 0.06111111111111111, -0.020199568500539382, 0.751575456053068, 0.943845876011149]
['15777000,195662009,75498004', 0.06097560975609756, -0.005771963059436419, 0.9135254988913526, 0.9444673251312311]
['72892002,444814009,198992004', 0.05907172995780591, 0.0165960018024661, 1.390717299578059, 0.9446908480702206]
['72892002,444814009,19169002', 0.05907172995780591, -0.10476322149850478, 0.36055633692764494, 0.9447193910463166]
['15777000,271737000,126906006', 0.0594059405940594, 0.03392050370085552, 2.330975954738331, 0.9450070076021867]
['15777000,271737000,92691004', 0.0594059405940594, 0.03392050370085552, 2.330975954738331, 0.9450070076021867]
['15777000,271737000,263102004', 0.0594059405940594, 0.02542535806978756, 1.7482319660537482, 0.945009343072779]
['15777000,271737000,88805009', 0.0594059405940594, 0.021784581370758435, 1.5790482274033855, 0.9450103439280233]
['15777000,271737000,75498004', 0.0594059405940594, -0.0073416322214745755, 0.8900090009000899, 0.9450183494586152]
['15777000,271737000,19169002', 0.0594059405940594, -0.10442901086225129, 0.36259625962596254, 0.9450450177342591]
['162864005,10509002,68496003', 0.0625, -0.01881067961165049, 0.7686567164179104, 0.9454948350182455]
['162864005,10509002,43878008', 0.0625, -0.08070388349514562, 0.4364406779661017, 0.9455254633200378]
['162864005,195662009,68496003', 0.05921052631578947, -0.02210015329586102, 0.7282010997643361, 0.9466955614674893]
['162864005,195662009,43878008', 0.05921052631578947, -0.08399335717935616, 0.4134701159678858, 0.9467175350393636]
['162864005,195662009,72892002', 0.05921052631578947, -0.1446729688298416, 0.29041353383458646, 0.9467390601771056]
['162864005,195662009,271737000', 0.05921052631578947, -0.2551098620337251, 0.18837634627108307, 0.9467781913304645]
['15777000,444814009,75498004', 0.05660377358490566, -0.010143799230628317, 0.8480274442538593, 0.9467815673049865]
['59621000,72892002,39848009', 0.06086956521739131, 0.01718024482904179, 1.3932367149758453, 0.9469231760209559]
['59621000,72892002,302870006', 0.06086956521739131, -0.005878007598142672, 0.9119367588932807, 0.946934000236135]
['444814009,444814009,70704007', 0.05465587044534413, 0.0085393655909752, 1.1851694012358833, 0.9471594244362999]
['271737000,444814009,44465007', 0.056451612903225805, -0.04063576573755089, 0.5814516129032258, 0.9471753195518383]
['162864005,444814009,55822004', 0.056451612903225805, -0.04427654243658002, 0.5604352895452779, 0.9471761010321174]
['162864005,444814009,43878008', 0.056451612903225805, -0.08675227059191981, 0.3942044833242209, 0.9471852165938606]
['59621000,444814009,271737000', 0.05687203791469194, -0.25744835043482267, 0.18093652216874964, 0.9474474561530657]
['195662009,195662009,70704007', 0.05699481865284974, 0.01087831379848081, 1.2358876465775839, 0.947656617245366]
['195662009,195662009,271737000', 0.05699481865284974, -0.25732556969666487, 0.181327145057715, 0.9477299975260556]
['195662009,10509002,43878008', 0.058823529411764705, -0.08438035408338092, 0.41076769690927223, 0.9478169612969766]
['195662009,444814009,70704007', 0.054838709677419356, 0.008722204823050424, 1.1891341256366723, 0.9480597250128038]
['195662009,444814009,43878008', 0.054838709677419356, -0.08836517381772627, 0.38294149808638606, 0.948076089953133]
['72892002,72892002,44465007', 0.053169734151329244, -0.043917644489447454, 0.5476482617586912, 0.9486755296884655]
['19169002,444814009,55822004', 0.05714285714285714, -0.04358529819694868, 0.5672977624784854, 0.9493123599455161]
['15777000,271737000,26929004', 0.054455445544554455, 0.0326107853503797, 2.492849284928493, 0.9500054605686272]
['15777000,271737000,64859006', 0.054455445544554455, 0.018047678554263195, 1.4957095709570958, 0.9500091002851423]
['15777000,271737000,230690007', 0.054455445544554455, 0.016834086321253487, 1.4474608751197702, 0.9500094035709303]
['15777000,444814009,44465007', 0.052830188679245285, -0.04425718996153141, 0.5441509433962265, 0.9505885826045242]
['15777000,195662009,263102004', 0.054878048780487805, 0.02089746625621596, 1.6149825783972127, 0.9506276401330178]
['15777000,195662009,271737000', 0.054878048780487805, -0.2594423395690268, 0.174592711178077, 0.9507129131868379]
['72892002,72892002,271737000', 0.05112474437627812, -0.26319564397323647, 0.16265169639402768, 0.9507504725474227]
['444814009,444814009,43878008', 0.05060728744939271, -0.0925965960457529, 0.3533932615110135, 0.9512337063468187]
['10509002,444814009,70704007', 0.05128205128205128, 0.005165546427682348, 1.1120107962213226, 0.9525956298442518]
['10509002,444814009,15777000', 0.05128205128205128, -0.24604804580532735, 0.17247514390371535, 0.9526468944115604]
['10509002,444814009,271737000', 0.05128205128205128, -0.2630383370674633, 0.16315216315216313, 0.9526503575775623]
['72892002,195662009,156073000', 0.05333333333333334, 0.01449838187702266, 1.3733333333333335, 0.9527151101783841]
['72892002,195662009,198992004', 0.05333333333333334, 0.010857605177993529, 1.2556190476190476, 0.9527162730454883]
['72892002,195662009,19169002', 0.05333333333333334, -0.11050161812297735, 0.32553086419753086, 0.9527550025801272]
['72892002,444814009,44465007', 0.05063291139240506, -0.046454467248371635, 0.5215189873417722, 0.9532108197398308]
['444814009,72892002,162864005', 0.049586776859504134, -0.25502487362593274, 0.16278686905271478, 0.9542247652908172]
['15777000,444814009,443165006', 0.04905660377358491, 0.0344934969774684, 3.368553459119497, 0.9543751499603182]
['195662009,444814009,271737000', 0.04838709677419355, -0.26593329157532103, 0.15394196039357327, 0.9545917945609347]
['15777000,271737000,49436004', 0.04950495049504951, 0.01795155243679708, 1.568926123381569, 0.9550070983946708]
['162864005,444814009,88805009', 0.04838709677419355, 0.010765737550892579, 1.2861602497398543, 0.9552913902384886]
['195662009,10509002,271737000', 0.051470588235294115, -0.2628498001142205, 0.16375198728139903, 0.955328665010165]
['162864005,444814009,15777000', 0.04838709677419355, -0.24894300031318506, 0.16273864384463463, 0.9553385333261065]
['19169002,444814009,271737000', 0.05, -0.2643203883495146, 0.15907335907335907, 0.9566205438225514]
['72892002,72892002,162864005', 0.04294478527607362, -0.2616668652093632, 0.14098208393420186, 0.9589579094434164]
['271737000,444814009,443165006', 0.04435483870967742, 0.029791731913560916, 3.045698924731183, 0.9593519998421437]
['271737000,444814009,75498004', 0.04435483870967742, -0.022392734105856557, 0.6645161290322581, 0.9593606202437377]
['444814009,195662009,271737000', 0.04377104377104377, -0.2705493445784708, 0.13925613925613925, 0.959365329848483]
['444814009,444814009,271737000', 0.04251012145748988, -0.2718102668920247, 0.13524455629718787, 0.9593755469387453]
['271737000,195662009,75498004', 0.04666666666666667, -0.02008090614886731, 0.6991515151515152, 0.9594777348840641]
['72892002,195662009,44465007', 0.04666666666666667, -0.05042071197411003, 0.4806666666666667, 0.959486036449456]
['271737000,195662009,55822004', 0.04666666666666667, -0.05406148867313915, 0.4632931726907631, 0.9594870324087351]
['15777000,271737000,62106007', 0.04455445544554455, -0.00884360280688263, 0.8343834383438344, 0.9600106767610589]
['444814009,10509002,44465007', 0.04310344827586207, -0.053983930364914626, 0.44396551724137934, 0.960886075949367]
['195662009,444814009,88805009', 0.041935483870967745, 0.004314124647666777, 1.1146722164412073, 0.9610437194422885]
['195662009,444814009,156073000', 0.041935483870967745, 0.0031005324146570687, 1.0798387096774196, 0.9610438729198185]
['195662009,444814009,19169002', 0.041935483870967745, -0.12189946758534295, 0.25596176821983274, 0.9610596746308978]
['59621000,444814009,156073000', 0.04265402843601896, 0.0038190769797082844, 1.0983412322274884, 0.9617295991825741]
['59621000,444814009,68496003', 0.04265402843601896, -0.03865665117563153, 0.5245808870340242, 0.9617373739718951]
['72892002,444814009,15777000', 0.04219409282700422, -0.2551360042603744, 0.1419099285283734, 0.961750522216778]
['72892002,444814009,271737000', 0.04219409282700422, -0.2721262955225104, 0.1342391215808937, 0.9617532839261678]
['15777000,444814009,55822004', 0.04150943396226415, -0.059218721377541673, 0.41209365764946576, 0.9619917433520145]
['15777000,444814009,43878008', 0.04150943396226415, -0.10169444953288148, 0.2898624880076751, 0.9619978785223446]
['444814009,195662009,43878008', 0.04040404040404041, -0.10279984309110521, 0.2821434685841466, 0.9627299566608278]
['15777000,195662009,55822004', 0.042682926829268296, -0.058045228510537526, 0.4237437555098443, 0.9629859774951148]
['271737000,444814009,126906006', 0.04032258064516129, 0.014837143751957407, 1.5821812596006144, 0.9634184239733629]
['271737000,444814009,92691004', 0.04032258064516129, 0.014837143751957407, 1.5821812596006144, 0.9634184239733629]
['162864005,444814009,44465007', 0.04032258064516129, -0.05676479799561541, 0.4153225806451613, 0.9634290673820418]
['271737000,444814009,43878008', 0.04032258064516129, -0.10288130284998434, 0.2815746309458721, 0.963435919180365]
['15777000,271737000,431855005', 0.039603960396039604, 0.017759300201864846, 1.812981298129813, 0.965003822398039]
['15777000,271737000,127013003', 0.039603960396039604, 0.016545707968855138, 1.7175612298071912, 0.9650040347290059]
['15777000,271737000,22298006', 0.039603960396039604, 0.014118523502835722, 1.553983969825554, 0.9650044593832097]
['15777000,271737000,399211009', 0.039603960396039604, 0.014118523502835722, 1.553983969825554, 0.9650044593832097]
['15777000,271737000,58150001', 0.039603960396039604, 0.0019826011727386364, 1.0526988182689239, 0.9650065824996513]
['444814009,10509002,271737000', 0.03879310344827586, -0.27552728490123873, 0.123418985487951, 0.9652648607064006]
['10509002,444814009,68496003', 0.038461538461538464, -0.04284914115011203, 0.47301951779563717, 0.9655293225612467]
['10509002,444814009,44465007', 0.038461538461538464, -0.058625840179238234, 0.3961538461538462, 0.9655316656906218]
['15777000,444814009,65966004', 0.03773584905660377, 0.0025416742993222205, 1.0722186076772935, 0.9657840463963903]
['72892002,444814009,398254007', 0.0379746835443038, 0.013702838884109624, 1.5645569620253166, 0.9659609625116183]
['72892002,444814009,74400008', 0.0379746835443038, -0.006928229077055426, 0.8457064659596305, 0.9659639502883668]
['72892002,444814009,428251008', 0.0379746835443038, -0.006928229077055426, 0.8457064659596305, 0.9659639502883668]
